536676.80287743 4816539.99437933
536676.66813863 4816539.99364491
536676.66813863 4816539.99364491
536676.80287743 4816539.99437933
536676.80287743 4816539.99437933
536676.80287743 4816539.99437933
536676.66813863 4816539.99364491
536676.66813863 4816539.99364491
536676.66914754 4816539.80854783
536676.66914754 4816539.80854783
536676.66914754 4816539.80854783
536676.66914754 4816539.80854783
536676.66914754 4816539.80854783
536676.66813863 4816539.99364491
536676.66813863 4816539.99364491
536676.66813863 4816539.99364491
536676.66813863 4816539.99364491
536676.66813863 4816539.99364491
536676.66813863 4816539.99364491
536676.66813863 4816539.99364491
536676.66813863 4816539.99364491
536676.66813863 4816539.99364491
536676.66813863 4816539.99364491
536676.66813863 4816539.99364491
536676.66813863 4816539.99364491
536676.66813863 4816539.99364491
536676.80287743 4816539.99437933
536676.80287743 4816539.99437933
536676.80287743 4816539.99437933
536676.80287743 4816539.99437933
536676.80287743 4816539.99437933
536676.80287743 4816539.99437933
536676.80287743 4816539.99437933
536676.80287743 4816539.99437933
536676.80287743 4816539.99437933
536676.80287743 4816539.99437933
536676.80287743 4816539.99437933
536676.80287743 4816539.99437933
536676.80287743 4816539.99437933
536676.80287743 4816539.99437933
536676.80287743 4816539.99437933
536676.80287743 4816539.99437933
536676.80287743 4816539.99437933
536676.66813863 4816539.99364491
536676.66813863 4816539.99364491
536676.66813863 4816539.99364491
536676.66813863 4816539.99364491
536676.66813863 4816539.99364491
536676.66813863 4816539.99364491
536676.66813863 4816539.99364491
536683.65336507 4816543.91887716
536683.65336507 4816543.91887716
536683.65336507 4816543.91887716
536683.65336507 4816543.91887716
536683.65336507 4816543.91887716
536683.65336507 4816543.91887716
536683.65336507 4816543.91887716
536683.65336507 4816543.91887716
536683.65336507 4816543.91887716
536683.65336507 4816543.91887716
536683.65336507 4816543.91887716
536683.65336507 4816543.91887716
536683.65336507 4816543.91887716
536683.65336507 4816543.91887716
536683.65336507 4816543.91887716
536683.51862635 4816543.91814260
536683.51862635 4816543.91814260
536683.51862635 4816543.91814260
536683.51862635 4816543.91814260
536683.51862635 4816543.91814260
536683.51862635 4816543.91814260
536683.51862635 4816543.91814260
536683.51862635 4816543.91814260
536683.51862635 4816543.91814260
536683.51862635 4816543.91814260
536683.51862635 4816543.91814260
536683.51862635 4816543.91814260
536683.51862635 4816543.91814260
536683.51862635 4816543.91814260
536683.51862635 4816543.91814260
536683.51862635 4816543.91814260
536683.51862635 4816543.91814260
536683.51862635 4816543.91814260
536683.51862635 4816543.91814260
536683.51862635 4816543.91814260
536683.51862635 4816543.91814260
536683.51862635 4816543.91814260
536683.51862635 4816543.91814260
536683.51862635 4816543.91814260
536683.51862635 4816543.91814260
536683.51862635 4816543.91814260
536683.51862635 4816543.91814260
536683.51862635 4816543.91814260
536683.51862635 4816543.91814260
536683.51862635 4816543.91814260
536683.51862635 4816543.91814260
536683.51862635 4816543.91814260
536683.51862635 4816543.91814260
536683.51862635 4816543.91814260
536683.51862635 4816543.91814260
536693.19256145 4816548.96865905
536693.19256145 4816548.96865905
536693.19256145 4816548.96865905
536693.19256145 4816548.96865905
536693.19256145 4816548.96865905
536693.19256145 4816548.96865905
536693.19256145 4816548.96865905
536693.19256145 4816548.96865905
536693.19256145 4816548.96865905
536693.19256145 4816548.96865905
536693.19256145 4816548.96865905
536693.19256145 4816548.96865905
536693.19256145 4816548.96865905
536693.19256145 4816548.96865905
536693.19256145 4816548.96865905
536693.19256145 4816548.96865905
536693.19256145 4816548.96865905
536693.19256145 4816548.96865905
536693.19256145 4816548.96865905
536693.19256145 4816548.96865905
536693.19256145 4816548.96865905
536693.19256145 4816548.96865905
536693.19256145 4816548.96865905
536693.19256145 4816548.96865905
536693.19256145 4816548.96865905
536693.19256145 4816548.96865905
536693.19256145 4816548.96865905
536693.19256145 4816548.96865905
536693.19256145 4816548.96865905
536693.19256145 4816548.96865905
536693.19256145 4816548.96865905
536693.19256145 4816548.96865905
536693.19256145 4816548.96865905
536693.19256145 4816548.96865905
536693.19256145 4816548.96865905
536693.19256145 4816548.96865905
536693.19256145 4816548.96865905
536693.19256145 4816548.96865905
536693.19256145 4816548.96865905
536693.19256145 4816548.96865905
536693.19256145 4816548.96865905
536693.19256145 4816548.96865905
536693.19256145 4816548.96865905
536693.19256145 4816548.96865905
536693.19256145 4816548.96865905
536693.19256145 4816548.96865905
536693.19256145 4816548.96865905
536693.19256145 4816548.96865905
536693.19256145 4816548.96865905
536693.19256145 4816548.96865905
536689.64797720 4816556.53853689
536689.64797720 4816556.53853689
536689.64797720 4816556.53853689
536689.64797720 4816556.53853689
536689.64797720 4816556.53853689
536689.64797720 4816556.53853689
536689.64797720 4816556.53853689
536689.64797720 4816556.53853689
536689.64797720 4816556.53853689
536689.64797720 4816556.53853689
536689.64797720 4816556.53853689
536689.64797720 4816556.53853689
536689.64797720 4816556.53853689
536689.64797720 4816556.53853689
536689.64797720 4816556.53853689
536689.64797720 4816556.53853689
536689.64797720 4816556.53853689
536689.64797720 4816556.53853689
536689.64797720 4816556.53853689
536689.64797720 4816556.53853689
536689.64797720 4816556.53853689
536689.64797720 4816556.53853689
536689.64797720 4816556.53853689
536689.64797720 4816556.53853689
536689.64797720 4816556.53853689
536689.64797720 4816556.53853689
536689.64797720 4816556.53853689
536689.64797720 4816556.53853689
536689.64797720 4816556.53853689
536689.64797720 4816556.53853689
536689.64797720 4816556.53853689
536689.64797720 4816556.53853689
536689.64797720 4816556.53853689
536689.64797720 4816556.53853689
536689.64797720 4816556.53853689
536689.64797720 4816556.53853689
536689.64797720 4816556.53853689
536689.64797720 4816556.53853689
536689.64797720 4816556.53853689
536689.64797720 4816556.53853689
536689.64797720 4816556.53853689
536689.64797720 4816556.53853689
536689.64797720 4816556.53853689
536689.64797720 4816556.53853689
536689.64797720 4816556.53853689
536689.64797720 4816556.53853689
536689.64797720 4816556.53853689
536689.64797720 4816556.53853689
536689.64797720 4816556.53853689
536689.64797720 4816556.53853689
536680.91318435 4816552.23355525
536680.91318435 4816552.23355525
536680.91318435 4816552.23355525
536680.91318435 4816552.23355525
536680.91318435 4816552.23355525
536680.91318435 4816552.23355525
536680.91318435 4816552.23355525
536680.91318435 4816552.23355525
536680.91318435 4816552.23355525
536680.91318435 4816552.23355525
536680.91318435 4816552.23355525
536680.91318435 4816552.23355525
536680.91318435 4816552.23355525
536680.91318435 4816552.23355525
536680.91318435 4816552.23355525
536680.91318435 4816552.23355525
536680.91318435 4816552.23355525
536680.91318435 4816552.23355525
536680.91318435 4816552.23355525
536680.91318435 4816552.23355525
536680.91318435 4816552.23355525
536680.91318435 4816552.23355525
536680.91318435 4816552.23355525
536680.91318435 4816552.23355525
536680.91318435 4816552.23355525
536680.91318435 4816552.23355525
536680.91318435 4816552.23355525
536680.91318435 4816552.23355525
536680.91318435 4816552.23355525
536680.91318435 4816552.23355525
536680.91318435 4816552.23355525
536680.91318435 4816552.23355525
536680.91318435 4816552.23355525
536680.91318435 4816552.23355525
536680.91318435 4816552.23355525
536680.91318435 4816552.23355525
536680.91318435 4816552.23355525
536680.91318435 4816552.23355525
536680.91318435 4816552.23355525
536680.91318435 4816552.23355525
536680.91318435 4816552.23355525
536680.91318435 4816552.23355525
536680.91318435 4816552.23355525
536680.91318435 4816552.23355525
536680.91318435 4816552.23355525
536680.91318435 4816552.23355525
536680.91318435 4816552.23355525
536680.91318435 4816552.23355525
536680.91318435 4816552.23355525
536680.91318435 4816552.23355525
536672.04465056 4816547.74275363
536672.04465056 4816547.74275363
536672.04465056 4816547.74275363
536672.04465056 4816547.74275363
536672.17938920 4816547.74348796
536672.04465056 4816547.74275363
536672.04465056 4816547.74275363
536672.04465056 4816547.74275363
536672.04465056 4816547.74275363
536672.04465056 4816547.74275363
536672.04465056 4816547.74275363
536672.04465056 4816547.74275363
536672.04465056 4816547.74275363
536672.04465056 4816547.74275363
536672.04465056 4816547.74275363
536672.04465056 4816547.74275363
536672.04465056 4816547.74275363
536672.04465056 4816547.74275363
536672.04465056 4816547.74275363
536672.04465056 4816547.74275363
536672.04465056 4816547.74275363
536672.04465056 4816547.74275363
536672.04465056 4816547.74275363
536672.04465056 4816547.74275363
536672.04465056 4816547.74275363
536672.04465056 4816547.74275363
536672.04465056 4816547.74275363
536672.04465056 4816547.74275363
536671.90991191 4816547.74201930
536671.90991191 4816547.74201930
536671.90991191 4816547.74201930
536672.04465056 4816547.74275363
536671.90991191 4816547.74201930
536671.90991191 4816547.74201930
536671.90991191 4816547.74201930
536671.90991191 4816547.74201930
536671.90991191 4816547.74201930
536671.90991191 4816547.74201930
536671.90991191 4816547.74201930
536671.90991191 4816547.74201930
536671.90991191 4816547.74201930
536671.90991191 4816547.74201930
536671.90991191 4816547.74201930
536671.90991191 4816547.74201930
536671.90991191 4816547.74201930
536671.90991191 4816547.74201930
536671.90991191 4816547.74201930
536671.90991191 4816547.74201930
536671.90991191 4816547.74201930
536671.90991191 4816547.74201930
