492818.42774730 5527517.15266351
492818.46301834 5527517.14463896
492818.43069381 5527517.13950159
492818.42122963 5527517.14418066
492818.43483697 5527517.11396436
492818.45198387 5527517.14100653
492818.42594701 5527517.15469505
492818.43621315 5527517.14540719
492818.44584924 5527517.12282745
492818.45666434 5527517.12942185
492818.44476725 5527517.12789534
492818.45894518 5527517.14492690
492818.42717759 5527517.14622650
492818.45014338 5527517.13542209
492818.45633052 5527517.14329635
492818.42572665 5527517.13275891
492818.43160530 5527517.14661079
492818.44670907 5527517.13147792
492818.44434352 5527517.12566969
492818.43199348 5527517.14035609
492818.44350400 5527517.11867143
492818.44206302 5527517.12568690
492818.42642272 5527517.13295707
492818.44401087 5527517.16316032
492818.43915756 5527517.13395448
492818.45067547 5527517.15153469
492818.42179628 5527517.14209418
492818.43648383 5527517.13035941
492818.44259284 5527517.13748312
492818.44681055 5527517.14408288
492818.42721707 5527517.12755072
492818.43776356 5527517.15660615
492818.44808212 5527517.13339012
492818.43271652 5527517.15266644
492818.44070035 5527517.12082696
492818.45148579 5527517.12399621
492818.43851728 5527517.14281754
492818.42990902 5527517.11180604
492818.43616186 5527517.14541096
492818.42121599 5527517.14526204
492818.44954375 5527517.13306001
492818.44638614 5527517.12618518
492818.43577178 5527517.12548496
492818.42793439 5527517.13662885
492818.44196730 5527517.13565782
492818.45440648 5527517.14533902
492818.44162906 5527517.14434972
492818.43777766 5527517.13541536
492818.44401571 5527517.13373360
492818.43642348 5527517.13983228
492818.42231380 5527517.14219293
492818.44308808 5527517.14006848
492818.43738466 5527517.13571566
492818.43540589 5527517.13329851
492818.43627891 5527517.14649836
492818.43152963 5527517.12529491
492818.44725029 5527517.14668657
492818.43828681 5527517.14795780
492818.42396713 5527517.12052270
492818.44504250 5527517.14355361
492818.44909472 5527517.12967106
492818.44095165 5527517.14423929
492818.43418891 5527517.14879363
492818.44976062 5527517.14364368
492818.42769450 5527517.12222991
492818.44739976 5527517.13455391
492818.43350229 5527517.13342832
492818.43227908 5527517.12604242
492818.45394954 5527517.12061486
492818.43976167 5527517.14324427
492818.42886272 5527517.12766207
492818.44243406 5527517.13696022
492818.43243091 5527517.14376968
492818.43303696 5527517.13300524
492818.42562476 5527517.14551045
492818.42537444 5527517.12299773
492818.45275514 5527517.12432707
492818.46103188 5527517.13660924
492818.43567298 5527517.14245622
492818.42862289 5527517.13385159
492818.42667222 5527517.13976807
492818.43788609 5527517.11343019
492818.44603935 5527517.15331961
492818.42115791 5527517.13742765
492818.45302851 5527517.14489786
492818.44842971 5527517.13186724
492818.43764056 5527517.13673963
492818.42893650 5527517.14324372
492818.43913356 5527517.14263439
492818.44822516 5527517.14252002
492818.43871705 5527517.12373903
492818.42131713 5527517.13203650
492818.45500919 5527517.13155534
492818.44156018 5527517.12000133
492818.44971983 5527517.12998335
492818.43269007 5527517.14168467
492818.44701175 5527517.13631229
492818.44028178 5527517.14738698
492818.44329351 5527517.13438373
492818.44683331 5527517.14672267
492818.43664858 5527517.12744424
492818.43158359 5527517.14114106
492818.45215227 5527517.14205007
492818.43681905 5527517.13056392
492818.44153969 5527517.14572056
492818.45021136 5527517.13951979
492818.43818631 5527517.13767013
492818.43628054 5527517.13296580
492818.44145386 5527517.15495464
492818.43873561 5527517.14136080
492818.43002234 5527517.12675892
492818.43855553 5527517.13148820
492818.44292697 5527517.15702167
492818.44375946 5527517.15386196
492818.44885968 5527517.13670691
492818.43218157 5527517.13648358
492818.43682444 5527517.14015694
492818.44037516 5527517.13725504
492818.44603688 5527517.14581177
492818.43639914 5527517.14161859
492818.42708582 5527517.13528400
492818.43182844 5527517.12619235
492818.42079938 5527517.13386344
492818.43506106 5527517.13191493
492818.44885591 5527517.14743520
492818.43197520 5527517.14561118
492818.43329462 5527517.14273593
492818.43043702 5527517.13982797
492818.43505287 5527517.14076767
492818.43215328 5527517.13263355
492818.42457846 5527517.14400397
492818.42749732 5527517.14108113
492818.45293881 5527517.14292191
492818.42507686 5527517.14116643
492818.43228075 5527517.13426649
492818.44126198 5527517.13782815
492818.43933182 5527517.14017914
492818.43663955 5527517.13227543
492818.46339280 5527517.13329729
492818.44320331 5527517.14748848
492818.42173059 5527517.12789444
492818.42468552 5527517.12636584
492818.43302749 5527517.12735987
492818.45602199 5527517.12178696
492818.44110788 5527517.13325841
492818.43236475 5527517.14701783
492818.43949542 5527517.13970207
492818.44720305 5527517.14540177
492818.45143427 5527517.14040300
492818.43960154 5527517.12475156
492818.41509062 5527517.15263639
492818.43236528 5527517.14616240
492818.44313140 5527517.14806339
492818.44361368 5527517.12596297
492818.45433591 5527517.12558848
492818.44582183 5527517.15080415
492818.42479916 5527517.13170416
492818.45243227 5527517.13101807
492818.43549514 5527517.12823224
492818.44945619 5527517.14087301
492818.43094107 5527517.13080998
492818.45558095 5527517.13009521
492818.43796038 5527517.14555333
492818.42960546 5527517.13973944
492818.42629094 5527517.14446220
492818.43317988 5527517.13887226
492818.43301143 5527517.15228076
492818.43722003 5527517.15277673
492818.43922205 5527517.15156680
492818.45232682 5527517.13518742
492818.41487384 5527517.15891366
492818.44651796 5527517.13246123
492818.42621505 5527517.12936771
492818.44641574 5527517.14395583
492818.45129073 5527517.15208459
492818.44795936 5527517.15546116
492818.41962617 5527517.12837700
492818.44856182 5527517.14562532
492818.44700282 5527517.13847534
492818.44686875 5527517.15105851
492818.44917495 5527517.14464060
492818.44404927 5527517.13917099
492818.43461932 5527517.12275782
492818.42482846 5527517.12277135
492818.44498211 5527517.12997551
492818.45456211 5527517.13708552
492818.43619611 5527517.13697964
492818.45149057 5527517.14167412
492818.41395235 5527517.13807444
492818.42604435 5527517.14694968
492818.43108828 5527517.14517624
492818.44017073 5527517.14391059
492818.43227088 5527517.14356119
492818.44592284 5527517.13226424
492818.42740746 5527517.13409279
492818.44269193 5527517.13875075
492818.43777269 5527517.14594374
492818.42865507 5527517.14244065
492818.44330964 5527517.14079680
492818.44485083 5527517.11701495
492818.43472709 5527517.14849241
492818.44668344 5527517.15297433
492818.45617424 5527517.15071209
492818.41300118 5527517.15322526
492818.41905173 5527517.14507503
492818.44471647 5527517.14564925
492818.42516654 5527517.14654391
492818.43808098 5527517.14845706
492818.44455587 5527517.13561298
492818.44035478 5527517.12844089
492818.45429264 5527517.12027858
492818.43179606 5527517.14051707
492818.44498930 5527517.14273867
492818.43071891 5527517.13694332
492818.43852328 5527517.15636247
492818.43966891 5527517.15885698
492818.43398356 5527517.14916288
492818.43518087 5527517.14644874
492818.44551703 5527517.14228086
492818.44501021 5527517.12648263
492818.42536133 5527517.13263094
492818.44225336 5527517.13812674
492818.43925535 5527517.14356732
492818.43213536 5527517.13120536
492818.42374835 5527517.14903155
492818.44220112 5527517.12393937
492818.45668820 5527517.15219193
492818.43969550 5527517.13310116
492818.43021444 5527517.14896269
492818.46319222 5527517.15372842
492818.43589362 5527517.14165131
492818.43795307 5527517.15009047
492818.43795422 5527517.13172867
492818.43207884 5527517.14791698
492818.43628831 5527517.13412042
492818.45070044 5527517.16842924
492818.43988131 5527517.14380222
492818.44182611 5527517.15053540
492818.44343855 5527517.14601714
492818.44073886 5527517.13437261
492818.44561923 5527517.15142506
492818.43495963 5527517.14314761
492818.42449059 5527517.16071008
492818.45008643 5527517.14874332
492818.43716011 5527517.12333200
492818.43389017 5527517.15324985
492818.45933499 5527517.14362127
492818.43394289 5527517.14963231
492818.43429501 5527517.13921295
492818.44200825 5527517.14338269
492818.44123814 5527517.15526235
492818.44943919 5527517.13723181
492818.43257317 5527517.15430662
492818.43934462 5527517.15085235
492818.43603772 5527517.14232078
492818.43645654 5527517.14851695
492818.43144420 5527517.14706140
492818.43249931 5527517.14561214
492818.43431749 5527517.15075455
492818.45610904 5527517.15221592
492818.45410247 5527517.14479328
492818.43422133 5527517.12007538
492818.42746922 5527517.15361183
492818.45258982 5527517.14931360
492818.43895864 5527517.12999936
492818.44571465 5527517.14793435
492818.42535766 5527517.14167873
492818.44233006 5527517.14873075
492818.41838299 5527517.14556498
492818.45015321 5527517.13291757
492818.41494678 5527517.14669505
492818.44963739 5527517.14026013
492818.45732704 5527517.13342786
492818.44964262 5527517.14743751
492818.44076524 5527517.12819199
492818.42443343 5527517.14132730
492818.42157823 5527517.13853602
492818.43513309 5527517.14980252
492818.42632068 5527517.14763572
492818.43382925 5527517.13941287
492818.42622450 5527517.12661035
492818.43851247 5527517.13019530
492818.44977273 5527517.14508537
492818.44825890 5527517.15214453
492818.43796678 5527517.15493490
492818.42585325 5527517.14098194
492818.44102349 5527517.13692877
492818.43618394 5527517.12272635
492818.46367861 5527517.15084639
492818.42518967 5527517.15398556
492818.43923917 5527517.14693267
492818.44781577 5527517.13658790
492818.43286455 5527517.13908616
492818.44324994 5527517.14467184
492818.45278309 5527517.14662046
492818.43443295 5527517.15787803
492818.45103110 5527517.15148252
492818.43698573 5527517.13764992
492818.43150100 5527517.14838009
492818.45507291 5527517.14238472
492818.44051200 5527517.14787694
492818.43538159 5527517.14933804
492818.43365054 5527517.14800628
492818.44457919 5527517.12671754
492818.43810419 5527517.13363050
492818.45302288 5527517.15337004
492818.43503166 5527517.14636223
492818.42643863 5527517.13018126
492818.43503555 5527517.13436653
492818.42717829 5527517.15650839
492818.44970685 5527517.13342342
492818.43494477 5527517.15213928
492818.45623583 5527517.15803977
492818.44981536 5527517.14732578
492818.44010147 5527517.11842181
492818.44127041 5527517.15307241
492818.43174035 5527517.13985074
492818.42548644 5527517.12258949
492818.45471525 5527517.13743151
492818.43714980 5527517.14780972
492818.42912638 5527517.13205161
492818.44494027 5527517.14276706
492818.43306595 5527517.13967215
492818.46390842 5527517.14788596
492818.44557708 5527517.14505010
492818.43034286 5527517.12907269
492818.42165257 5527517.15569156
492818.44394695 5527517.12579422
492818.44080058 5527517.15944645
492818.43403430 5527517.15002492
492818.45108699 5527517.14114954
492818.42365124 5527517.14484372
492818.43728785 5527517.14379183
492818.44060706 5527517.13405301
492818.42332719 5527517.16261695
492818.45396272 5527517.13591363
492818.43730960 5527517.14653978
492818.44337250 5527517.12991371
492818.44622448 5527517.12660787
492818.44490124 5527517.14910129
492818.43868782 5527517.13913598
492818.44628133 5527517.14390730
492818.43179060 5527517.14949823
492818.44113854 5527517.14939005
492818.44210352 5527517.14903755
492818.44192202 5527517.13905529
492818.44163379 5527517.14200536
492818.44144246 5527517.14715048
492818.43081104 5527517.15958535
492818.43062345 5527517.14854465
492818.45480883 5527517.15107970
492818.45460023 5527517.12635830
492818.43156632 5527517.15436508
492818.43030150 5527517.14524572
492818.44025631 5527517.12699220
492818.44706960 5527517.13767347
492818.43075625 5527517.15240919
492818.42460672 5527517.13976436
492818.43817016 5527517.13886251
492818.45289480 5527517.14396285
492818.42859356 5527517.14469641
492818.42989677 5527517.15225027
492818.43359693 5527517.13686701
492818.46631005 5527517.13760203
492818.44366493 5527517.11699352
492818.42776729 5527517.14523058
492818.44151134 5527517.15271888
492818.42663606 5527517.14666246
492818.44018040 5527517.14895852
492818.45077314 5527517.13192866
492818.45497206 5527517.14935231
492818.44108213 5527517.14416191
492818.42366408 5527517.15807842
492818.43671772 5527517.14099897
492818.44928149 5527517.15103775
492818.43014857 5527517.13457735
492818.43693843 5527517.14876537
492818.42935775 5527517.13832321
492818.44516219 5527517.16839194
492818.44759332 5527517.13405298
492818.42597527 5527517.14202591
492818.43950075 5527517.14627311
492818.42952584 5527517.15546145
492818.42004436 5527517.16657870
492818.43725093 5527517.14205573
492818.42239895 5527517.14855561
492818.44073374 5527517.13978145
492818.45072274 5527517.14527004
492818.44292560 5527517.15197143
492818.44744339 5527517.15202878
492818.45155638 5527517.14144670
492818.44101639 5527517.16326314
492818.41871677 5527517.14392245
492818.45120277 5527517.13879472
492818.44486767 5527517.14826054
492818.43987968 5527517.16917049
492818.43893364 5527517.14715486
492818.42413089 5527517.15796313
492818.44056788 5527517.15875933
492818.43941335 5527517.15876528
492818.44358215 5527517.13071481
492818.43512375 5527517.13963094
492818.42690243 5527517.11391942
492818.44724620 5527517.14508944
492818.44467502 5527517.14590216
492818.43771689 5527517.14021482
492818.43853636 5527517.15437526
492818.44441197 5527517.14359717
492818.43858555 5527517.12845110
492818.43110626 5527517.16586153
492818.42625926 5527517.13829030
492818.43526409 5527517.14592443
492818.42799840 5527517.14641993
492818.44451369 5527517.14520695
492818.43049658 5527517.14082476
492818.44378145 5527517.15899146
492818.44041248 5527517.14681906
492818.43689836 5527517.12972344
492818.43120326 5527517.13684752
492818.44103768 5527517.15141762
492818.44194512 5527517.13789732
492818.42213961 5527517.14978027
492818.43919448 5527517.15007233
492818.43555727 5527517.12204451
492818.43213330 5527517.13922925
492818.42871985 5527517.14557701
492818.43825964 5527517.14951194
492818.46303357 5527517.15280266
492818.43301612 5527517.13163670
492818.44517148 5527517.12479946
492818.44020135 5527517.14253753
492818.42922668 5527517.14739444
492818.44038139 5527517.13424873
492818.45511790 5527517.13846543
492818.43683091 5527517.14776651
492818.43253137 5527517.12811969
492818.46166559 5527517.13899043
492818.44066780 5527517.15416334
492818.43613949 5527517.14882283
492818.43882551 5527517.13973015
492818.43250334 5527517.15299186
492818.43077539 5527517.13592180
492818.43043854 5527517.14753984
492818.45002478 5527517.15844572
492818.43639749 5527517.14880344
492818.43559893 5527517.14268898
492818.45207660 5527517.14150703
492818.44297789 5527517.14262378
492818.44379819 5527517.15843005
492818.45467386 5527517.14445749
492818.45756372 5527517.13415528
492818.44083492 5527517.13583656
492818.44909087 5527517.14818204
492818.44027561 5527517.14563203
492818.43300136 5527517.14085275
492818.43846151 5527517.14203673
492818.42701431 5527517.15093482
492818.42729222 5527517.13417014
492818.43945168 5527517.14571352
492818.43502241 5527517.15416438
492818.42392732 5527517.13415772
492818.44748602 5527517.13065506
492818.44187414 5527517.13388601
492818.42331076 5527517.15271090
492818.44250171 5527517.13397490
492818.43350560 5527517.15371858
492818.44672683 5527517.15694226
492818.43995249 5527517.14109084
492818.44888656 5527517.13054055
492818.42797970 5527517.13568799
492818.44443300 5527517.14064750
492818.44472871 5527517.13797600
492818.43633745 5527517.12979884
492818.43018576 5527517.14990330
492818.43823884 5527517.14782834
492818.42633862 5527517.15207367
492818.43367151 5527517.15949150
492818.44769642 5527517.15581247
492818.45107461 5527517.13850075
492818.44484193 5527517.14073556
492818.44440849 5527517.14411361
492818.46122009 5527517.14311467
492818.45777360 5527517.15259909
492818.44473477 5527517.15331422
492818.45094885 5527517.14344684
492818.44952046 5527517.13446201
492818.44024055 5527517.14537498
492818.42907869 5527517.13403067
492818.43970835 5527517.14120722
492818.45242154 5527517.14310338
492818.43250880 5527517.13751796
492818.44532503 5527517.15151007
492818.43338581 5527517.14375171
492818.43834659 5527517.15606146
492818.42002507 5527517.13793599
492818.44007445 5527517.15400435
492818.45964547 5527517.15224930
492818.42029994 5527517.14263530
492818.44497529 5527517.15213657
492818.43833931 5527517.13261249
492818.42286860 5527517.13455091
492818.44335705 5527517.15871747
492818.42126316 5527517.14549324
492818.44174312 5527517.15645189
492818.42270459 5527517.13957656
492818.42228944 5527517.17139635
492818.43923904 5527517.14464504
492818.44006023 5527517.14920455
492818.43693155 5527517.15195686
492818.44857939 5527517.14051475
492818.41911817 5527517.14043929
492818.44764980 5527517.15989267
492818.42558693 5527517.13496151
492818.46165227 5527517.14700290
492818.44226133 5527517.15048921
492818.43251842 5527517.16132584
492818.43523860 5527517.13829452
492818.44283038 5527517.16515522
492818.44436343 5527517.14540320
492818.43573730 5527517.14544985
492818.43571602 5527517.13548469
492818.44346515 5527517.14712079
492818.45940066 5527517.15868892
492818.43725588 5527517.15532672
492818.44823578 5527517.13542021
492818.45346709 5527517.15264242
492818.43720603 5527517.13082385
492818.46258991 5527517.14461177
492818.44296382 5527517.14613822
492818.44747689 5527517.15849101
492818.44061044 5527517.15491726
492818.43288214 5527517.14593466
492818.43142929 5527517.13704062
492818.43879985 5527517.13991634
492818.45135111 5527517.15003365
492818.43336137 5527517.14429010
492818.45011807 5527517.12810497
492818.45585800 5527517.16165605
492818.43353770 5527517.13841732
492818.44023470 5527517.14515648
492818.44191138 5527517.15913093
492818.42770877 5527517.13697530
492818.44417802 5527517.14408624
492818.43094482 5527517.15706174
492818.43584298 5527517.15735947
492818.43204419 5527517.14051812
492818.43052135 5527517.16069418
492818.44561493 5527517.12771055
492818.45377122 5527517.14242843
492818.45898617 5527517.15658206
492818.43024035 5527517.14414520
492818.42008479 5527517.15452109
492818.43547091 5527517.14952765
492818.44227917 5527517.14587187
492818.46222768 5527517.16706141
492818.43761467 5527517.14763226
492818.44812147 5527517.14908009
492818.46233557 5527517.15920533
492818.43149072 5527517.14232594
492818.45793796 5527517.13137570
492818.41794724 5527517.13961910
492818.43220220 5527517.13829957
492818.44124259 5527517.15088793
492818.44404026 5527517.13905202
492818.42421497 5527517.15421468
492818.45105313 5527517.16071556
492818.45557339 5527517.15643500
492818.43645078 5527517.15524572
492818.44177234 5527517.14986427
492818.43482347 5527517.15016512
492818.44237798 5527517.14914935
492818.42416204 5527517.14630468
492818.42770938 5527517.16743128
492818.44446683 5527517.15577564
492818.44521604 5527517.15086200
492818.43242023 5527517.14481816
492818.44667404 5527517.14143866
492818.45198467 5527517.15104490
492818.43094406 5527517.14992501
492818.43223349 5527517.14911779
492818.44176112 5527517.15513109
492818.44348433 5527517.14094451
492818.42734116 5527517.14835812
492818.44101253 5527517.14118964
492818.44401131 5527517.13920796
492818.43321851 5527517.14354714
492818.45398799 5527517.14437207
492818.42821428 5527517.13779949
492818.44406253 5527517.15609308
492818.43594458 5527517.15967857
492818.44764175 5527517.15436817
492818.44828023 5527517.15109290
492818.45550698 5527517.15422337
492818.43058196 5527517.15276125
492818.44973080 5527517.13632290
492818.43771343 5527517.15531246
492818.42626077 5527517.14458624
492818.41355504 5527517.14451609
492818.44121478 5527517.16255938
492818.44422790 5527517.13515291
492818.43589684 5527517.14049815
492818.42809433 5527517.13801141
492818.45738172 5527517.15404006
492818.45560222 5527517.15099681
492818.43647862 5527517.13881197
492818.43583658 5527517.12589201
492818.44344776 5527517.15367122
492818.44689543 5527517.14598962
492818.42828761 5527517.14093414
492818.43153285 5527517.15764500
492818.44919960 5527517.15397061
492818.43508186 5527517.14964236
492818.44982009 5527517.16462808
492818.44717345 5527517.14268129
492818.43731692 5527517.13835567
492818.41165097 5527517.14521584
492818.45754819 5527517.15805404
492818.44551245 5527517.16554489
492818.45346171 5527517.14779533
492818.43167068 5527517.14952709
492818.45118070 5527517.15836243
492818.42429726 5527517.14159026
492818.43608627 5527517.13868883
492818.44327249 5527517.15209645
492818.43372198 5527517.16070575
492818.44242820 5527517.15085178
492818.43964212 5527517.15397029
492818.43311648 5527517.15918554
492818.43778088 5527517.13769365
492818.44718994 5527517.14862826
492818.44880576 5527517.13813445
492818.44562673 5527517.13805938
492818.42750214 5527517.13094868
492818.44151440 5527517.13294915
492818.43861132 5527517.14754487
492818.43491192 5527517.13453002
492818.42962077 5527517.14776587
492818.45770016 5527517.15157011
492818.45111587 5527517.15192312
492818.43184511 5527517.16404544
492818.44256952 5527517.14174794
492818.45235762 5527517.15595884
492818.44500717 5527517.15563284
492818.45301136 5527517.13825908
492818.42481853 5527517.15055822
492818.43806486 5527517.15362682
492818.44894932 5527517.14159960
492818.43315655 5527517.15222459
492818.41477986 5527517.15007412
492818.44204413 5527517.14299795
492818.43859240 5527517.13868764
492818.43791465 5527517.16810701
492818.44217593 5527517.14751018
492818.44042199 5527517.14216771
492818.42851582 5527517.15404562
492818.44443947 5527517.15842133
492818.45488822 5527517.15484903
492818.44896375 5527517.17891421
492818.44325756 5527517.14676457
492818.45896266 5527517.16305488
492818.45074766 5527517.14757575
492818.42778948 5527517.14684362
492818.44909067 5527517.14159270
492818.43637649 5527517.14952976
492818.43990000 5527517.14570709
492818.45869328 5527517.15091819
492818.43021023 5527517.15500352
492818.43062340 5527517.15032737
492818.44495860 5527517.15011075
492818.44808235 5527517.14432391
492818.42785492 5527517.15101911
492818.42683435 5527517.14824292
492818.43878748 5527517.14934733
492818.43899127 5527517.14576134
492818.43594428 5527517.16389599
492818.43969473 5527517.15002765
492818.42759209 5527517.16569420
492818.44020920 5527517.15927795
492818.44605393 5527517.15538828
492818.43001861 5527517.16159611
492818.43452399 5527517.15904083
492818.46063946 5527517.14539343
492818.43083119 5527517.16017044
492818.41994701 5527517.14238655
492818.44576260 5527517.14040480
492818.43310040 5527517.16725603
492818.43855569 5527517.13886527
492818.43927020 5527517.15319636
492818.44585318 5527517.15405312
492818.44263217 5527517.13997105
492818.43450141 5527517.15402160
492818.44482305 5527517.17673801
492818.44770092 5527517.14718516
492818.42820218 5527517.15294223
492818.45614341 5527517.15049850
492818.44389582 5527517.14955264
492818.43972885 5527517.15767980
492818.43921317 5527517.16051408
492818.41974425 5527517.15379091
492818.43007062 5527517.15548422
