492818.35913554 5527516.76660597
492816.36110872 5527517.40522782
492818.11286770 5527517.04965545
492819.32151732 5527516.79482043
492818.14561761 5527516.99747102
492819.12811424 5527517.11103826
492818.24887782 5527517.61400990
492817.73148475 5527516.35304512
492818.84718605 5527517.54231586
492819.12179614 5527517.14983073
492817.10681761 5527518.12593559
492817.25384000 5527517.80048987
492818.88993360 5527517.19809054
492818.39026179 5527516.90200125
492816.73110585 5527517.32893691
492818.46880217 5527517.34155255
492820.88802734 5527517.11429209
492817.93151233 5527517.26783993
492818.45764937 5527516.64776683
492818.28385759 5527516.83201180
492818.28451449 5527517.31384624
492817.17866708 5527517.23591966
492819.36725904 5527517.32916063
492818.89772609 5527517.77416489
492818.66801702 5527517.06941598
492818.44306964 5527517.40359236
492817.23010483 5527517.30364959
492818.32909109 5527517.82826117
492818.25923695 5527517.25142831
492817.82387643 5527516.70911872
492819.47574819 5527517.35513264
492819.51121006 5527516.95726649
492819.08235989 5527517.15391007
492820.08401503 5527516.82067433
492819.38012308 5527517.85537188
492818.29155027 5527517.35213684
492819.33247038 5527517.58375044
492817.76834412 5527517.05158727
492818.04621960 5527516.94207809
492817.78570351 5527517.10811597
492817.69958445 5527516.94896960
492818.67370104 5527517.12114177
492819.03245513 5527517.87695373
492816.41413204 5527516.84653147
492820.81120591 5527517.10398735
492818.09883892 5527516.89162644
492817.31502115 5527517.55487780
492818.23026246 5527517.56616630
492818.69941092 5527517.63100171
492818.65395182 5527517.04888714
492817.12401568 5527517.13935884
492818.09055582 5527517.71906873
492817.45371396 5527517.02749552
492819.14114372 5527517.68509951
492817.99661383 5527517.45265319
492818.88181808 5527516.71978344
492819.06628400 5527517.20992745
492817.86876102 5527517.04860473
492817.80520072 5527516.69726765
492819.51628194 5527517.19175694
492819.64364511 5527517.36244150
492817.96774604 5527516.89967958
492817.84813031 5527515.95112174
492819.84831772 5527516.65167501
492818.60191401 5527517.07903765
492819.06886410 5527517.12355347
492819.87552888 5527516.79675639
492818.26840594 5527517.73921840
492819.11637952 5527516.93289884
492818.99957078 5527517.72898153
492818.55629786 5527517.00614996
492818.77806879 5527517.39537910
492817.99477316 5527517.58714365
492819.05219666 5527517.68882635
492818.52564328 5527517.52071293
492818.49802878 5527516.89883228
492818.03379715 5527517.06277171
492817.82808044 5527516.97919347
492818.51533121 5527517.41904106
492816.79615249 5527517.55899883
492818.29244957 5527517.09014721
492817.97260189 5527517.21595713
492817.74742741 5527517.16377382
492819.65811753 5527516.94679827
492818.72292600 5527517.29368814
492819.32665517 5527517.49851037
492818.30021536 5527517.01495851
492818.88768870 5527516.94149731
492818.26467211 5527517.39600187
492818.73914197 5527516.65182680
492818.81382644 5527517.48391203
492818.18314557 5527516.94838197
492817.04649303 5527517.59010944
492819.26599502 5527517.11124957
492818.47581007 5527516.87345523
492819.00086856 5527516.91342324
492818.61298754 5527516.67777320
492818.23193640 5527517.37577447
492818.76342070 5527516.77479290
492820.27527148 5527517.02779271
492818.15319322 5527517.62117583
492818.26435685 5527517.17010382
492817.88293863 5527518.38795169
492819.32271761 5527516.93195582
492819.59515497 5527516.58259240
492819.18827229 5527517.69796214
492818.14575648 5527516.67279584
492819.97727480 5527517.15960756
492817.90389678 5527516.22576177
492818.11015707 5527516.53320975
492818.29833951 5527517.05945359
492818.59326674 5527517.87464038
492818.06473771 5527517.14833656
492818.79123822 5527517.42666772
492819.05724642 5527516.28951472
492819.68522552 5527517.05901935
492818.50564762 5527517.03339090
492818.58725610 5527517.07218983
492817.87407050 5527516.88147805
492818.08373366 5527517.32284841
492817.53310459 5527517.22255933
492818.90131627 5527517.38357969
492817.42687275 5527517.06511757
492818.24061811 5527517.34449534
492817.98694537 5527517.10558228
492817.52333543 5527517.92519844
492819.27857432 5527516.94898471
492818.57364369 5527516.68634177
492820.73977975 5527516.98623182
492818.89978222 5527516.35215047
492818.24990792 5527516.96961761
492818.82450388 5527517.26967614
492818.29059056 5527517.42122024
492818.47631642 5527516.85482258
492815.98128604 5527516.95057804
492819.40210993 5527517.35074740
492817.35927064 5527516.90872119
492818.55949527 5527516.80442716
492819.56027549 5527517.02934091
492818.71365848 5527517.44693605
492819.25010079 5527517.07051233
492818.24761551 5527516.23214904
492817.34755018 5527516.33182629
492818.61368131 5527517.33946707
492820.19742687 5527516.89777739
492819.21272423 5527517.15271056
492816.77236845 5527517.22679381
492819.07387196 5527516.97438354
492818.23001630 5527517.20613205
492817.17285142 5527516.91095192
492819.15405796 5527517.01615943
492818.86580935 5527517.00733062
492819.50824400 5527517.94822220
492818.06672343 5527517.34398819
492817.81141416 5527517.16973277
492817.95134426 5527517.36802301
492819.55528194 5527517.96860913
492818.13298870 5527517.72440218
492818.97589366 5527517.77231871
492819.23338599 5527517.34620917
492816.92956258 5527516.85023467
492818.38347173 5527516.79674044
492819.20144655 5527517.41197112
492818.26558842 5527517.97314463
492818.19358216 5527517.15552778
492818.15643051 5527517.15885765
492818.50258710 5527517.05634753
492818.76226201 5527517.54079693
492819.60134404 5527516.76656078
492818.50528013 5527516.84219707
492818.40056955 5527517.44055354
492818.02005151 5527516.87905708
492819.24990373 5527516.87077168
492817.89000835 5527517.85609791
492817.87407130 5527517.09696791
492819.51473314 5527517.21519454
492818.13499350 5527517.06268845
492817.49720687 5527517.61559780
492818.86566057 5527516.65539846
492818.04015420 5527517.56770251
492818.56561748 5527517.14651456
492819.00265569 5527517.37569395
492817.52526094 5527517.47703751
492818.77942215 5527517.01646930
492817.48819536 5527517.50669003
492819.62105809 5527517.41303677
492818.75002729 5527516.76379308
492818.62540071 5527516.96995660
492817.80799987 5527516.85148039
492818.42037896 5527517.10420189
492818.93699100 5527517.05095970
492818.62705643 5527516.86540409
492817.79506546 5527516.81175604
492817.80154421 5527516.74985134
492819.28941187 5527516.69961513
492818.61181294 5527517.00821981
492819.39213357 5527517.37537044
492818.32000526 5527516.27844187
492816.81405632 5527517.37973662
492818.47032481 5527516.53896344
492819.56555274 5527517.63804202
492819.68398953 5527517.15602571
492818.21784365 5527516.85292223
492817.92122914 5527517.01640463
492818.43919633 5527517.62060639
492818.43752543 5527517.04432981
492820.86687768 5527517.15049487
492818.16660231 5527518.00232708
492818.56979409 5527516.63296795
492819.68168621 5527517.71153795
492818.18482924 5527517.96041136
492818.45621898 5527516.71121705
492819.41634244 5527517.36433775
492818.31714883 5527516.84081450
492818.16594779 5527516.95541551
492818.37780528 5527517.37341089
492818.66743342 5527516.45143333
492818.91491585 5527517.74803003
492818.49520162 5527517.08224947
492818.54526477 5527516.87391695
492818.48714782 5527517.42701030
492818.19908996 5527516.83555536
492818.74516222 5527517.09201136
492819.03655365 5527517.30685453
492820.11307311 5527517.02813791
492819.45714884 5527517.45435255
492817.84696427 5527516.96359546
492819.10959431 5527517.08772052
492819.77594160 5527517.26115527
492817.71257637 5527517.04938464
492818.59962611 5527516.70869456
492818.19976505 5527516.91818982
492817.96328218 5527517.73008869
492818.46821985 5527517.43190644
492817.70791375 5527517.70488887
492819.32209656 5527516.89487558
492817.92469243 5527516.89069455
492819.46094033 5527516.63156132
492818.90569875 5527517.17595542
492819.82789900 5527516.61695670
492818.08054387 5527517.80912812
492819.54524427 5527516.32938832
492818.67845353 5527516.76427511
492818.91120582 5527517.30200680
492819.42225775 5527517.79132818
492818.23996009 5527517.77859880
492817.81390129 5527516.62702425
492818.34059506 5527517.01131473
492817.20921885 5527517.30088322
492817.62631953 5527517.01844793
492818.31097915 5527516.52217486
492817.35614396 5527517.29351087
492816.70537384 5527517.23195473
492816.93024343 5527517.58653500
492818.85517870 5527517.66856560
492819.93062381 5527516.91870369
492817.04972437 5527517.11442890
492818.63896601 5527516.99142341
492817.07384308 5527517.74069280
492817.87375306 5527516.80162851
492817.48080914 5527517.03333163
492818.80111454 5527516.72700442
492817.42932443 5527518.09683875
492818.06291816 5527516.36938046
492817.99319068 5527517.32985907
492818.07000135 5527517.48181301
492819.01487706 5527517.05308745
492817.63383222 5527516.87701595
492819.47217411 5527516.92187366
492818.16590822 5527516.52011705
492818.79162166 5527516.58507767
492818.75187829 5527517.61543237
492817.88117367 5527516.94896749
492818.49443355 5527517.31840744
492817.06039258 5527516.67152910
492818.11666238 5527517.88008087
492818.55635628 5527516.87788428
492817.85826699 5527517.17301616
492817.62084534 5527516.60342809
492818.22058993 5527517.29893008
492817.92909775 5527517.23385025
492819.27960836 5527517.33494829
492818.37610565 5527517.23269420
492818.09009610 5527517.48205347
492819.13564684 5527516.94608749
492818.42730802 5527517.09307686
492818.58797494 5527517.72349838
492817.35213383 5527517.74828382
492819.68509604 5527517.44856926
492818.07387608 5527517.11443321
492818.99040744 5527517.18718331
492818.05526072 5527516.95789777
492819.04944358 5527516.75335861
492817.23826800 5527516.79424500
492818.31403254 5527517.87826537
492817.58219824 5527516.92222878
492819.57158312 5527516.75341299
492818.82703001 5527517.11139346
492818.15241459 5527516.50163324
492818.93118031 5527517.13186887
492817.67197115 5527517.18863613
492819.55433279 5527517.39868763
492818.99207774 5527517.48690147
492817.66003515 5527517.92409438
492819.34843473 5527517.19439615
492819.09586145 5527517.51260713
492817.60988219 5527517.63471598
492818.24471335 5527516.45101935
492819.24081958 5527516.90334912
492818.68656125 5527517.25116690
492819.27547215 5527517.59971772
492817.93654926 5527517.18298868
492817.93176105 5527516.70807418
492818.46985324 5527517.03806230
492818.60315102 5527517.84094712
492816.93448477 5527517.20573936
492818.02965251 5527516.81783261
492816.69262376 5527517.00893611
492818.87201197 5527517.60121839
492818.15574131 5527517.00209212
492819.89368615 5527517.60985485
492818.30182451 5527517.28052982
492819.29158161 5527516.67781043
492816.22285320 5527517.18083443
492818.18407805 5527516.75203468
492818.66798265 5527517.28045706
492818.55729192 5527517.34127334
492819.18358818 5527517.78011519
492818.51574619 5527517.69072821
492818.09449204 5527517.40893211
492817.79398024 5527517.51889229
492818.29583094 5527516.84099366
492817.22484240 5527517.00936851
492817.71459443 5527516.70273870
492817.69304673 5527517.34676149
492818.15652286 5527516.62084219
492818.90301181 5527517.33143088
492817.69835823 5527517.21153576
492817.68269723 5527517.50046496
492819.20427799 5527517.37322573
492819.04642439 5527517.14026166
492817.39610595 5527517.47773238
492819.04875192 5527517.57436325
492816.32656062 5527517.58273424
492819.92350649 5527517.54055703
492818.20886791 5527517.35135421
492818.67258049 5527517.25780068
492817.77607682 5527516.69921276
492819.36330346 5527517.28643457
492818.52935600 5527516.66811227
492817.50163231 5527517.06421269
492818.98950529 5527516.90291848
492818.84625976 5527517.41193603
492816.79151051 5527516.61081483
492818.28241623 5527517.46752994
492817.11451449 5527516.87008237
492819.04670656 5527516.78858349
492819.14598651 5527517.09928657
492819.45983381 5527516.88099602
492818.48458376 5527516.85850210
492818.82153335 5527517.33254577
492818.11187177 5527517.50725424
492818.28966499 5527516.87038722
492817.43164163 5527518.17701933
492819.18194942 5527516.66257409
492818.04471991 5527516.90726679
492819.28650107 5527516.95643549
492818.03271298 5527517.18848684
492819.38593941 5527517.46331934
492818.60164761 5527517.06567912
492817.63217356 5527517.10544799
492819.70834908 5527516.70344680
492818.20993753 5527516.56159918
492817.29477066 5527517.69824073
492818.17525511 5527516.65815746
492817.79585631 5527516.69677680
492817.55237645 5527516.86251319
492819.07748906 5527517.74155350
492818.36522949 5527516.97924867
492818.00316636 5527516.82758665
492818.13982079 5527517.21599048
492819.06722777 5527517.04310706
492818.85636314 5527516.71787113
492818.63229332 5527516.39732249
492817.48114184 5527516.67654127
492819.39204878 5527516.41666236
492819.67941428 5527517.43807185
492819.31772292 5527517.33398881
492817.63407963 5527516.66050590
492817.52954304 5527516.50443347
492818.50989795 5527517.11773101
492818.15933324 5527517.55567567
492818.74044009 5527516.93390519
492817.24167696 5527516.15763478
492820.29001448 5527517.09634329
492817.66175347 5527517.27280582
492819.76056303 5527516.97166311
492817.98863439 5527517.12498846
492818.92889476 5527517.12556450
492818.86479852 5527516.81839851
492819.04943795 5527517.44159124
492819.25840296 5527517.12696398
492818.61782062 5527516.88451072
492817.65681884 5527517.06222882
492819.20537100 5527516.48573000
492819.81353380 5527516.74779295
492818.34467774 5527517.05599165
492818.74918536 5527517.54629755
492816.96377118 5527517.47575235
492819.12678706 5527517.53030169
492819.10909271 5527517.12825160
492818.32939935 5527517.06437617
492818.38769841 5527517.43519936
492820.83864455 5527516.39896070
492818.89022481 5527517.41184843
492817.82324780 5527516.50443514
492819.28683014 5527517.31172411
492819.12365233 5527517.41992033
492818.82472953 5527516.56263449
492817.82998707 5527516.98413704
492817.88573801 5527516.46320302
492817.81690671 5527517.00975621
492817.38826626 5527517.12514001
492820.23617437 5527516.44999393
492819.44473975 5527517.90525393
492818.15967905 5527516.66892969
492816.82321260 5527517.27527640
492817.53261769 5527517.03216743
492819.04996878 5527516.49692772
492817.78768422 5527517.24139718
492819.30514480 5527516.72836626
492818.85762464 5527517.13707662
492817.90858106 5527517.48101790
492815.86104534 5527517.41198767
492817.84913887 5527517.06696947
492818.46905245 5527517.39980092
492817.91131421 5527517.36051033
492818.34048511 5527516.60954032
492818.47476169 5527516.98988391
492818.63873383 5527516.91455919
492817.81021888 5527517.26079126
492818.89776270 5527516.88589722
492819.69952835 5527517.66689648
492818.13704099 5527517.23562967
492818.47633326 5527516.59540124
492818.58554990 5527516.11934941
492818.82257446 5527517.11056233
492818.76561210 5527517.57306471
492817.77761999 5527516.83844610
492819.35442412 5527517.35985429
492821.74675985 5527516.71501281
492817.90408244 5527516.40841333
492819.22790222 5527517.82626463
492818.32549377 5527516.82178914
492817.97535859 5527517.10113512
492819.29033545 5527516.69709213
492816.70629481 5527516.93366130
492818.48816853 5527517.41921241
492817.82981175 5527517.70943270
492818.69296239 5527516.81256752
492817.99003428 5527517.07707199
492817.69340403 5527517.45216928
492819.42500218 5527517.32293297
492817.63822588 5527517.20637764
492816.20706342 5527517.16482691
492818.53184323 5527517.11380179
492817.26764785 5527517.43821717
492818.68441162 5527517.00331995
492819.46673749 5527517.25199607
492817.75617792 5527517.29663002
492819.46044397 5527517.00905148
492818.69809348 5527516.39960573
492818.64984898 5527517.07922740
492818.28645287 5527517.79476554
492819.08012196 5527517.18954778
492817.49474099 5527516.94754154
492817.22548094 5527516.90717278
492818.70392534 5527516.46428916
492818.07172960 5527516.97630566
492818.09081195 5527517.07056289
492818.17085863 5527517.13997479
492817.91680106 5527517.62931501
492819.15902204 5527516.99430864
492819.32043584 5527517.40948465
492819.39996264 5527516.75134832
492818.82613675 5527517.73831843
492818.79188082 5527517.68974244
492818.67482779 5527517.28010197
492819.29341823 5527517.16156284
492817.28756571 5527517.73070282
492817.24206307 5527517.48281037
492818.61795623 5527516.45345942
492816.18943870 5527517.41135611
492818.48925698 5527517.39176128
492816.96167131 5527516.77309736
492816.32965672 5527517.05039073
492819.36271796 5527517.68754392
492817.72260961 5527516.26956442
492818.57934138 5527516.26414934
492818.34014104 5527517.32523993
492818.67399487 5527516.56581237
492819.04712237 5527516.88260638
492819.06783064 5527516.45002552
492819.81025860 5527517.94780266
492818.21260655 5527517.05992544
492817.71133288 5527517.49090908
492818.37356980 5527516.98335371
492818.03788256 5527516.80646360
492818.40565528 5527517.67011795
492819.31185642 5527516.97176788
492818.26740437 5527517.19307749
492818.70913082 5527517.64863178
492818.44600524 5527516.92320987
492818.32253415 5527516.84144024
492817.59495721 5527516.97624492
492818.32147210 5527517.11420394
492819.29629879 5527516.58113230
492817.70976406 5527517.32412506
492817.48354483 5527516.74519048
492817.96398354 5527516.44388245
492819.92968937 5527517.88041516
492819.21601208 5527516.74495240
492817.91675199 5527517.22861505
492820.26318985 5527516.63507989
492818.42226013 5527517.74200759
492817.73973820 5527516.92260501
492818.47767674 5527517.81929275
492818.82274236 5527516.92610574
492818.00343322 5527517.42293453
492819.73810218 5527516.51072547
492819.33842714 5527516.73794948
492818.13446095 5527517.51332797
492818.36972810 5527517.22932361
492817.64628634 5527517.50458840
492817.93381173 5527517.30886878
492820.72844320 5527517.10935092
492816.86390269 5527517.01932617
492816.48117657 5527517.46374453
492817.86888753 5527517.02983458
492818.29705209 5527517.02633622
492817.67092788 5527517.06171260
492817.85107481 5527517.82996712
492819.38327101 5527517.15722211
492819.37230917 5527517.38291106
492818.27605452 5527516.90876559
492817.90306200 5527517.10453812
492818.49658591 5527516.82380648
492817.01283383 5527517.40503920
492817.88222027 5527516.77661247
492818.83359831 5527517.22231823
492817.59697809 5527517.16701103
492819.94219295 5527516.23799887
492818.43350715 5527516.96405205
492818.45469604 5527517.10738239
492817.55081591 5527517.56228771
492818.55791479 5527517.13363772
492817.22844919 5527517.54047307
492819.04253551 5527517.11355691
492819.30709082 5527517.16147269
492817.44143958 5527516.78900175
492817.81564881 5527516.70247348
492819.85579854 5527516.83512524
492818.62211675 5527517.14713540
492818.54965954 5527517.45335271
492818.69194478 5527516.96140616
492818.13418535 5527516.72534251
492818.70932591 5527516.91625690
492817.70489594 5527516.88367851
492817.50685743 5527517.30700890
492817.97066698 5527516.69409005
492818.82887655 5527517.06887840
492818.78925437 5527517.32655500
492819.28982576 5527516.82028528
492819.21718340 5527517.05729984
492819.67000809 5527516.89992614
492817.59925839 5527517.48946711
492818.67819506 5527516.18935114
492817.73020198 5527517.16988754
492818.39347652 5527517.68827831
492818.02498137 5527516.85506551
492818.10208167 5527518.20841366
492817.81006676 5527517.27946729
492817.94494470 5527517.39900215
492818.45473535 5527517.06705123
492818.07685337 5527517.53842217
492817.34871359 5527517.65433217
492818.52494033 5527517.09768978
492818.54007646 5527517.03476081
492817.45544602 5527517.00399589
492818.61670674 5527517.44503410
492818.47233131 5527516.46586828
492818.01375695 5527517.39353376
492818.47828931 5527516.63619083
492818.57641963 5527517.61368470
492819.47818842 5527516.80702790
492819.21454716 5527517.04869787
492820.71869792 5527517.31055740
492818.53570536 5527517.70231257
492819.02685282 5527517.08471091
492818.82252884 5527517.00764714
492817.50534048 5527516.64098238
492818.94079029 5527517.41561538
492816.13361817 5527517.53144270
492819.08466699 5527517.08876443
492816.74677254 5527516.98472120
492819.62904980 5527516.60894077
492818.17919210 5527517.01693638
492818.88943270 5527517.42520554
492818.76893902 5527517.77934815
492818.01925026 5527517.65917665
492819.14044710 5527516.96057584
492818.10477536 5527516.94162419
492816.92360646 5527516.85912684
492818.54165150 5527517.10596127
492817.98770191 5527517.24943437
492818.62064934 5527517.54557520
492818.48995509 5527517.02898380
492818.34514583 5527517.28395760
492819.77009885 5527517.60403072
492820.14843006 5527517.11324329
492819.15522173 5527516.72646001
492818.73058976 5527517.26051741
492817.83244745 5527517.41822391
492818.93890366 5527517.23834308
492818.75674500 5527516.99840704
492818.63622236 5527517.68342573
492817.05209865 5527517.30347075
492819.55070699 5527517.27746766
492818.09134127 5527517.40806184
492818.31024867 5527516.87212369
492818.56051116 5527517.58110170
492817.78945138 5527517.53284833
492818.15763329 5527517.13236255
492818.72160194 5527516.88847442
492817.37884608 5527516.96666704
492818.23159096 5527516.66622802
492818.13260814 5527517.21285281
492819.22500722 5527517.54432749
492818.48637044 5527517.11991892
492818.42399738 5527516.81329536
492818.13689005 5527516.44950313
492818.47637727 5527517.06555953
492818.23782611 5527516.78399427
492818.04949820 5527516.98809204
492817.99881577 5527516.96487412
492817.41997538 5527516.92311691
492818.63017982 5527517.03361887
492818.77791121 5527516.91694945
492818.43424887 5527517.39714274
492818.96430638 5527517.43467844
492817.81391392 5527516.47626033
492819.43603469 5527517.16345357
492818.23064466 5527517.48139955
492818.72483613 5527517.37986374
492817.47943357 5527517.24963348
492818.51197942 5527517.03080494
492817.11790994 5527516.34772137
492820.17863131 5527517.64650416
492817.68304069 5527517.23014315
492819.64665762 5527517.53044449
492819.23046783 5527516.90638971
492818.16971121 5527517.97803532
492817.89897142 5527517.33452609
492818.56504537 5527517.46685618
492818.90241366 5527516.80443931
492818.32413339 5527516.83851778
492819.39475538 5527517.22678963
492818.25212641 5527517.14622706
492818.21909900 5527517.77144739
492818.43112938 5527516.78487244
492817.47142347 5527517.22910088
492817.85508610 5527516.72236590
492818.85191444 5527517.09142064
492818.70791894 5527517.61061386
492819.08796113 5527517.07028308
492819.47787743 5527517.09770640
492819.42256406 5527517.57151750
492819.17819636 5527517.54122994
492818.45316198 5527517.00450291
492817.85446065 5527517.33322786
492818.73405684 5527517.03189746
492818.39371943 5527517.63884973
492818.23724985 5527517.04941072
492816.78602230 5527517.85614717
492818.20342952 5527517.04463913
492817.67043620 5527517.63279719
492818.18563080 5527516.93725889
492817.22569023 5527516.93577998
492818.09046919 5527516.89289359
492818.99142643 5527517.23334696
492817.68925422 5527516.76269399
492818.80441821 5527517.43329188
492818.57810080 5527517.09222348
492818.38552939 5527516.33902098
492817.42125978 5527517.16499211
492819.74468782 5527517.51975721
492818.28388132 5527517.37839934
492818.73728419 5527516.93324978
492818.73983696 5527516.83688689
492818.78611171 5527516.91835814
