536677.14954699 4816530.77816048
536677.05543148 4816530.74062697
536676.93456996 4816530.66592715
536676.85402924 4816530.60995737
536676.80073899 4816530.49860536
536676.76061997 4816530.44285591
536676.72070273 4816530.35008704
536676.65373679 4816530.27568100
536676.64036378 4816530.25709785
536676.59994208 4816530.25687752
536676.62688988 4816530.25702441
536676.72100540 4816530.29455792
536676.86891562 4816530.35089491
536676.93608333 4816530.38828153
536676.98987804 4816530.40708501
536676.94925456 4816530.44388410
536676.90903464 4816530.40664436
536676.88249041 4816530.33245864
536676.80174790 4816530.31350828
536676.72090451 4816530.31306763
536676.65373679 4816530.27568100
536676.54624827 4816530.21956434
536676.46550576 4816530.20061398
536676.41191283 4816530.14479109
536676.34444244 4816530.16293359
536676.31729286 4816530.19980613
536676.33056498 4816530.23689899
536676.37078490 4816530.27413873
536676.51869513 4816530.33047571
536676.61230619 4816530.46055775
536676.71959293 4816530.55369383
536676.79983098 4816530.66519273
536676.90731949 4816530.72130939
536676.97468898 4816530.72167660
536677.01511068 4816530.72189693
536677.01521157 4816530.70338722
536677.01541335 4816530.66636781
536677.04256293 4816530.62949528
536677.02908904 4816530.62942183
536677.01551425 4816530.64785810
536677.04246204 4816530.64800498
536677.06890538 4816530.74070041
536677.10932708 4816530.74092074
536677.14944610 4816530.79667019
536677.21641202 4816530.87107624
536677.29675095 4816530.96406543
536677.35034386 4816531.01988833
536677.33666818 4816531.05683430
536677.33656729 4816531.07534401
536677.30951860 4816531.09370683
536677.26929869 4816531.05646709
536677.22968413 4816530.90816909
536677.18956512 4816530.85241964
536677.13587131 4816530.81510645
536677.08227839 4816530.75928356
536677.05533059 4816530.75913668
536677.04215937 4816530.70353411
536677.05573416 4816530.68509784
536677.09575229 4816530.75935700
536677.21681559 4816530.79703740
536677.29735630 4816530.85300719
536677.33757621 4816530.89024693
536677.36452401 4816530.89039382
536677.29705362 4816530.90853631
536677.21661380 4816530.83405682
536677.13607309 4816530.77808704
536677.06900627 4816530.72219070
536677.00204035 4816530.64778466
536676.88087615 4816530.62861396
536676.80043632 4816530.55413448
536676.77369031 4816530.51696818
536676.80053721 4816530.53562477
536676.86800760 4816530.51748228
536676.93507442 4816530.57337861
536676.94824564 4816530.62898118
536676.97519344 4816530.62912806
536676.96161865 4816530.64756433
536676.97509255 4816530.64763777
536676.93487264 4816530.61039803
536676.84075713 4816530.57286451
536676.78686153 4816530.57257075
536676.74654073 4816530.55384071
536676.67907034 4816530.57198321
536676.65212254 4816530.57183633
536676.58495483 4816530.53444970
536676.55800703 4816530.53430282
536676.54473491 4816530.49720996
536676.50431322 4816530.49698964
536676.47746631 4816530.47833304
536676.50461589 4816530.44146051
536676.51819068 4816530.42302424
536676.53176547 4816530.40458798
536676.61260886 4816530.40502863
536676.67987747 4816530.42390555
536676.74714607 4816530.44278246
536676.80104167 4816530.44307623
536676.81461646 4816530.42463997
536676.77399298 4816530.46143906
536676.74734785 4816530.40576305
536676.77409387 4816530.44292935
536676.77369031 4816530.51696818
536676.74643983 4816530.57235042
536676.71959293 4816530.55369383
536676.67927212 4816530.53496379
536676.61180174 4816530.55310629
536676.58505572 4816530.51593999
536676.54493669 4816530.46019054
536676.45051851 4816530.47818616
536676.38345168 4816530.42228983
536676.34333266 4816530.36654038
536676.28943706 4816530.36624662
536676.27576138 4816530.40319259
536676.27576138 4816530.40319259
536676.31608219 4816530.42192262
536676.39662291 4816530.47789240
536676.49033487 4816530.58946473
536676.59762161 4816530.68260081
536676.67796054 4816530.77559000
536676.77187427 4816530.85014292
536676.83904198 4816530.88752955
536676.86568710 4816530.94320556
536676.86548532 4816530.98022497
536676.85201142 4816530.98015153
536676.83853752 4816530.98007809
536676.81148884 4816530.99844091
536676.81158973 4816530.97993120
536676.78484371 4816530.94276490
536676.73114990 4816530.90545172
536676.73145257 4816530.84992259
536676.71807957 4816530.83133944
536676.73175525 4816530.79439347
536676.73155347 4816530.83141289
536676.73155347 4816530.83141289
536676.73145257 4816530.84992259
536676.73104901 4816530.92396143
536676.71757511 4816530.92388798
536676.69072821 4816530.90523139
536676.66347774 4816530.96061363
536676.64990295 4816530.97904990
536676.62315694 4816530.94188360
536676.60978393 4816530.92330045
536676.58283613 4816530.92315357
536676.55609012 4816530.88598727
536676.54281800 4816530.84889441
536676.58364326 4816530.77507590
536676.58374415 4816530.75656620
536676.61038927 4816530.81224220
536676.62386317 4816530.81231564
536676.66408308 4816530.84955539
536676.65040740 4816530.88650136
536676.64990295 4816530.97904990
536676.62255159 4816531.05294185
536676.56865600 4816531.05264808
536676.52823431 4816531.05242775
536676.50128651 4816531.05228087
536676.54170821 4816531.05250120
536676.55508122 4816531.07108435
536676.52823431 4816531.05242775
536676.54180910 4816531.03399149
536676.59631003 4816530.92322701
536676.60998571 4816530.88628103
536676.60998571 4816530.88628103
536676.61008660 4816530.86777133
536676.59671359 4816530.84918818
536676.62366139 4816530.84933506
536676.63713529 4816530.84940850
536676.65060919 4816530.84948194
536676.69062732 4816530.92374110
536676.73084723 4816530.96098084
536676.78433926 4816531.03531344
536676.86487997 4816531.09128322
536676.95869280 4816531.18434586
536676.98543881 4816531.22151216
536677.01228572 4816531.24016875
536676.98533792 4816531.24002187
536676.95859191 4816531.20285557
536676.95869280 4816531.18434586
536676.95899547 4816531.12881673
536676.93214857 4816531.11016014
536676.91877556 4816531.09157699
536676.83793218 4816531.09113634
536676.81068171 4816531.14651857
536676.85090162 4816531.18375832
536676.86447641 4816531.16532205
536676.86447641 4816531.16532205
536676.89132331 4816531.18397864
536676.90479721 4816531.18405209
536676.86437552 4816531.18383176
536676.85100251 4816531.16524861
536676.79730870 4816531.12793542
536676.74351400 4816531.10913195
536676.68951752 4816531.12734789
536676.68961841 4816531.10883818
536676.67614451 4816531.10876474
536676.63552104 4816531.14556383
536676.64899494 4816531.14563727
536676.64869227 4816531.20116639
536676.64859137 4816531.21967610
536676.60806879 4816531.23796548
536676.63521837 4816531.20109295
536676.64828870 4816531.27520523
536676.67503472 4816531.31237152
536676.70208340 4816531.29400870
536676.70218429 4816531.27549899
536676.75597899 4816531.29430247
536676.75597899 4816531.29430247
536676.72882942 4816531.33117500
536676.70198251 4816531.31251841
536676.70188162 4816531.33102812
536676.74210153 4816531.36826786
536676.74169797 4816531.44230669
536676.74159708 4816531.46081640
536676.74139530 4816531.49783581
536676.75486919 4816531.49790926
536676.75476830 4816531.51641896
536676.75497008 4816531.47939955
536676.79539177 4816531.47961987
536676.82244046 4816531.46125705
536676.82264224 4816531.42423763
536676.83601525 4816531.44282078
536676.86286215 4816531.46147738
536676.87633605 4816531.46155082
536676.90328384 4816531.46169771
536676.90318295 4816531.48020741
536676.90318295 4816531.48020741
536676.90328384 4816531.46169771
536676.88970905 4816531.48013397
536676.88980994 4816531.46162426
536676.88980994 4816531.46162426
536676.93033253 4816531.44333488
536676.94390732 4816531.42489862
536676.94410910 4816531.38787920
536676.93043342 4816531.42482517
536676.95758300 4816531.38795264
536676.95778478 4816531.35093323
536676.91726219 4816531.36922261
536676.90378830 4816531.36914917
536676.90368741 4816531.38765887
536676.90358651 4816531.40616858
536676.89001173 4816531.42460485
536676.90348562 4816531.42467829
536676.91695952 4816531.42475173
536676.91675774 4816531.46177115
536676.91685863 4816531.44326144
536676.90338473 4816531.44318800
536676.87653783 4816531.42453140
536676.83621703 4816531.40580137
536676.80937013 4816531.38714478
536676.78232144 4816531.40550760
536676.74200064 4816531.38677757
536676.72862763 4816531.36819442
536676.74200064 4816531.38677757
536676.71485107 4816531.42365010
536676.72802229 4816531.47925266
536676.71414483 4816531.55321805
536676.74089084 4816531.59038435
536676.74068906 4816531.62740377
536676.72741695 4816531.59031091
536676.71384216 4816531.60874718
536676.67331958 4816531.62703656
536676.64627089 4816531.64539938
536676.63269611 4816531.66383565
536676.63279700 4816531.64532594
536676.61922221 4816531.66376221
536676.64617000 4816531.66390909
536676.65974479 4816531.64547283
536676.67342047 4816531.60852685
536676.67362225 4816531.57150744
536676.66024924 4816531.55292429
536676.62002933 4816531.51568454
536676.57970853 4816531.49695451
536676.53948862 4816531.45971477
536676.51254083 4816531.45956789
536676.47222003 4816531.44083785
536676.45884702 4816531.42225470
536676.48579481 4816531.42240159
536676.52611562 4816531.44113162
536676.53928684 4816531.49673419
536676.56613375 4816531.51539078
536676.53918595 4816531.51524389
536676.53928684 4816531.49673419
536676.52611562 4816531.44113162
536676.49947049 4816531.38545561
536676.51344884 4816531.29298052
536676.54069930 4816531.23759828
536676.58142367 4816531.18228947
536676.62194625 4816531.16400009
536676.62194625 4816531.16400009
536676.66236794 4816531.16422042
536676.72953565 4816531.20160705
536676.79650157 4816531.27601309
536676.90429275 4816531.27660063
536676.95818834 4816531.27689440
536676.95808745 4816531.29540410
536676.91766576 4816531.29518378
536676.86387106 4816531.27638030
536676.83712505 4816531.23921400
536676.82375204 4816531.22063085
536676.83702416 4816531.25772371
536676.86377017 4816531.29489001
536676.93073609 4816531.36929605
536676.98432901 4816531.42511894
536677.07834361 4816531.48116217
536677.15868253 4816531.57415136
536677.17195465 4816531.61124422
536677.14490596 4816531.62960705
536677.13143207 4816531.62953360
536677.10458516 4816531.61087701
536677.09141394 4816531.55527444
536677.05089136 4816531.57356382
536677.03741746 4816531.57349038
536677.01036878 4816531.59185320
536676.99699577 4816531.57327005
536677.02384268 4816531.59192664
536677.10408070 4816531.70342555
536677.19789352 4816531.79648819
536677.30497844 4816531.92664369
536677.37174257 4816532.03806915
536677.39818590 4816532.13076458
536677.42483101 4816532.18644059
536677.42473012 4816532.20495030
536677.39788322 4816532.18629370
536677.37133900 4816532.11210798
536677.34449210 4816532.09345139
536677.33111910 4816532.07486824
536677.31754431 4816532.09330450
536677.33111910 4816532.07486824
536677.31734252 4816532.13032392
536677.30356595 4816532.18577960
536677.33061463 4816532.16741678
536677.30356595 4816532.18577960
536677.22272258 4816532.18533894
536677.19587568 4816532.16668235
536677.18280535 4816532.09257007
536677.07541775 4816532.01794370
536677.03519785 4816531.98070395
536677.03519785 4816531.98070395
536677.04857085 4816531.99928710
536676.99447349 4816532.03601275
536676.95405180 4816532.03579242
536676.91352922 4816532.05408180
536676.92700311 4816532.05415524
536676.91322654 4816532.10961092
536676.94027523 4816532.09124810
536676.94037612 4816532.07273839
536676.92690222 4816532.07266495
536676.89995443 4816532.07251807
536676.87310753 4816532.05386147
536676.84636152 4816532.01669517
536676.86003720 4816531.97974920
536676.84646241 4816531.99818546
536676.81921195 4816532.05356770
536676.80563716 4816532.07200397
536676.80553627 4816532.09051368
536676.81870749 4816532.14611624
536676.80503181 4816532.18306222
536676.80483003 4816532.22008163
536676.80472914 4816532.23859134
536676.84535261 4816532.20179225
536676.87240129 4816532.18342943
536676.88607697 4816532.14648345
536676.85912918 4816532.14633657
536676.79155792 4816532.18298877
536676.79175970 4816532.14596936
536676.80533449 4816532.12753309
536676.77808402 4816532.18291533
536676.83238317 4816532.10917027
536676.95354734 4816532.12834096
536676.96692035 4816532.14692411
536677.00703936 4816532.20267356
536677.00673668 4816532.25820269
536677.04695659 4816532.29544243
536676.99306100 4816532.29514866
536676.97918354 4816532.36911405
536676.93926631 4816532.27634518
536676.87199773 4816532.25746826
536676.88547162 4816532.25754170
536676.87230040 4816532.20193914
536676.88577430 4816532.20201258
536676.89894552 4816532.25761515
536676.96641589 4816532.23947265
536677.02071504 4816532.16572759
536677.06103583 4816532.18445763
536677.10115484 4816532.24020708
536677.12779996 4816532.29588309
536677.14137474 4816532.27744682
536677.14137474 4816532.27744682
536677.08768095 4816532.24013363
536677.10105395 4816532.25871678
536677.11442695 4816532.27729994
536677.15474775 4816532.29602997
536677.16791897 4816532.35163254
536677.19486676 4816532.35177942
536677.14026493 4816532.48105361
536677.19365605 4816532.57389592
536677.23387595 4816532.61113566
536677.30114453 4816532.63001259
536677.31492111 4816532.57455691
536677.27470121 4816532.53731716
536677.19385784 4816532.53687651
536677.12669015 4816532.49948987
536677.14026493 4816532.48105361
536677.15353704 4816532.51814647
536677.11291358 4816532.55494555
536677.16711183 4816532.49971020
536677.18038394 4816532.53680306
536677.24755163 4816532.57418969
536677.30104364 4816532.64852230
536677.39485644 4816532.74158494
536677.44814666 4816532.85293696
536677.43447098 4816532.88988293
536677.38067630 4816532.87107945
536677.35372851 4816532.87093257
536677.25961304 4816532.83339905
536677.17887056 4816532.81444868
536677.08465419 4816532.79542487
536677.04423251 4816532.79520454
536677.04423251 4816532.79520454
536677.09792630 4816532.83251773
536677.15172099 4816532.85132121
536677.27268336 4816532.90751132
536677.33995194 4816532.92638825
536677.38027273 4816532.94511828
536677.37966737 4816533.05617653
536677.40661516 4816533.05632342
536677.37946559 4816533.09319595
536677.40641338 4816533.09334283
536677.41998816 4816533.07490657
536677.40691784 4816533.00079430
536677.39374662 4816532.94519173
536677.38057541 4816532.88958916
536677.38097898 4816532.81555033
536677.38118076 4816532.77853091
536677.38128165 4816532.76002120
536677.39475555 4816532.76009465
536677.42150155 4816532.79726095
536677.43477366 4816532.83435381
536677.46131788 4816532.90853953
536677.52818288 4816533.00145529
536677.67609304 4816533.05779229
536677.70293993 4816533.07644889
536677.71661561 4816533.03950292
536677.71681740 4816533.00248350
536677.71701919 4816532.96546409
536677.71742276 4816532.89142525
536677.71772544 4816532.83589613
536677.69128212 4816532.74320070
536677.67821180 4816532.66908843
536677.65146580 4816532.63192212
536677.61124590 4816532.59468237
536677.58439900 4816532.57602578
536677.57082422 4816532.59446204
536677.57082422 4816532.59446204
536677.62431622 4816532.66879465
536677.67821180 4816532.66908843
536677.73230916 4816532.63236278
536677.77283174 4816532.61407341
536677.73230916 4816532.63236278
536677.67861537 4816532.59504959
536677.63839548 4816532.55780985
536677.59817558 4816532.52057010
536677.54458268 4816532.46474720
536677.51783667 4816532.42758090
536677.45066898 4816532.39019426
536677.41034819 4816532.37146422
536677.41024730 4816532.38997393
536677.42351941 4816532.42706679
536677.43669062 4816532.48266936
536677.50375742 4816532.53856570
536677.54387643 4816532.59431516
536677.58409632 4816532.63155490
536677.57052154 4816532.64999117
536677.53009985 4816532.64977084
536677.48987995 4816532.61253109
536677.43628705 4816532.55670819
536677.40954105 4816532.51954189
536677.38299683 4816532.44535617
536677.35645261 4816532.37117045
536677.32970660 4816532.33400415
536677.31633360 4816532.31542100
536677.30296060 4816532.29683785
536677.33000928 4816532.27847503
536677.39727787 4816532.29735195
536677.43739687 4816532.35310140
536677.46394109 4816532.42728712
536677.46363841 4816532.48281625
536677.49048531 4816532.50147284
536677.50385831 4816532.52005599
536677.50416099 4816532.46452687
536677.51803846 4816532.39056148
536677.47822213 4816532.27928290
536677.45177880 4816532.18658748
536677.43860759 4816532.13098491
536677.43891026 4816532.07545578
536677.45268684 4816532.02000010
536677.46636252 4816531.98305413
536677.49310853 4816532.02022044
536677.51985453 4816532.05738674
536677.55987265 4816532.13164590
536677.57274118 4816532.24277759
536677.58571061 4816532.33539958
536677.57193404 4816532.39085526
536677.50456456 4816532.39048804
536677.46424377 4816532.37175800
536677.43759866 4816532.31608199
536677.41095355 4816532.26040598
536677.37093543 4816532.18614682
536677.33091731 4816532.11188765
536677.31784699 4816532.03777538
536677.26435497 4816531.96344277
536677.22423596 4816531.90769332
536677.18401606 4816531.87045358
536677.17054216 4816531.87038013
536677.21086296 4816531.88911017
536677.25088108 4816531.96336933
536677.27732441 4816532.05606476
536677.35766332 4816532.14905396
536677.42442744 4816532.26047942
536677.47781856 4816532.35332173
536677.50436278 4816532.42750745
536677.50426188 4816532.44601716
536677.46404199 4816532.40877741
536677.39687430 4816532.37139078
536677.32980749 4816532.31549444
536677.22231901 4816532.25937777
536677.16872610 4816532.20355488
536677.14208099 4816532.14787887
536677.08838719 4816532.11056568
536677.06174207 4816532.05488967
536677.07561954 4816531.98092428
536677.03550052 4816531.92517483
536676.98200850 4816531.85084223
536676.98241207 4816531.77680339
536676.95576695 4816531.72112739
536676.92922272 4816531.64694167
536676.88890192 4816531.62821163
536676.86175235 4816531.66508416
536676.90177047 4816531.73934332
536677.11604122 4816531.98114461
536677.20965225 4816532.11122666
536677.27641637 4816532.22265213
536677.34318050 4816532.33407759
536677.35655350 4816532.35266074
536677.32970660 4816532.33400415
536677.31633360 4816532.31542100
536677.24916591 4816532.27803437
536677.20904690 4816532.22228491
536677.12860709 4816532.14780542
536677.10196198 4816532.09212941
536677.07531686 4816532.03645340
536677.00825006 4816531.98055707
536677.04887353 4816531.94375798
536676.95475804 4816531.90622447
536676.96853461 4816531.85076878
536676.94178860 4816531.81360248
536676.86094522 4816531.81316183
536676.72610537 4816531.83093711
536676.60453763 4816531.88580526
536676.50981679 4816531.95933000
536676.46919332 4816531.99612909
536676.48216277 4816532.08875107
536676.64324418 4816532.20069062
536676.80432558 4816532.31263017
536676.77687333 4816532.40503183
536676.87088792 4816532.46107505
536676.88416004 4816532.49816791
536676.92448083 4816532.51689794
536676.92448083 4816532.51689794
536676.89763393 4816532.49824135
536676.91120872 4816532.47980508
536676.95183219 4816532.44300599
536676.97888087 4816532.42464317
536677.00603044 4816532.38777064
536677.03338180 4816532.31387869
536677.03368447 4816532.25834957
536677.00683757 4816532.23969298
536676.96661767 4816532.20245323
536676.91282298 4816532.18364976
536676.93977077 4816532.18379664
536676.91282298 4816532.18364976
536676.91282298 4816532.18364976
536676.92629687 4816532.18372320
536676.96661767 4816532.20245323
536676.99356546 4816532.20260012
536676.99356546 4816532.20260012
536676.98019246 4816532.18401697
536676.98029335 4816532.16550726
536676.99376724 4816532.16558070
536676.99386814 4816532.14707100
536676.98049513 4816532.12848784
536676.95385001 4816532.07281184
536676.95405180 4816532.03579242
536676.95425358 4816531.99877300
536676.98130226 4816531.98041018
536677.00825006 4816531.98055707
536677.02182484 4816531.96212080
536677.04877264 4816531.96226769
536677.06214564 4816531.98085084
536677.08899254 4816531.99950743
536677.10226465 4816532.03660029
536677.15605934 4816532.05540377
536677.19627925 4816532.09264352
536677.23639826 4816532.14839297
536677.27641637 4816532.22265213
536677.32990839 4816532.29698473
536677.39707608 4816532.33437137
536677.42382209 4816532.37153767
536677.43719509 4816532.39012082
536677.41024730 4816532.38997393
536677.35625082 4816532.40818987
536677.30225435 4816532.42640580
536677.26173177 4816532.44469518
536677.22141098 4816532.42596514
536677.20803798 4816532.40738199
536677.20803798 4816532.40738199
536677.22151187 4816532.40745544
536677.28878045 4816532.42633236
536677.35614993 4816532.42669957
536677.42351941 4816532.42706679
536677.49038442 4816532.51998255
536677.51723132 4816532.53863914
536677.55745121 4816532.57587889
536677.57082422 4816532.59446204
536677.59757022 4816532.63162835
536677.59736843 4816532.66864776
536677.61074143 4816532.68723091
536677.63768922 4816532.68737780
536677.65116312 4816532.68745125
536677.69168569 4816532.66916187
536677.73200648 4816532.68789191
536677.74527859 4816532.72498477
536677.70485691 4816532.72476444
536677.66473791 4816532.66901498
536677.69178659 4816532.65065216
536677.70556316 4816532.59519648
536677.70566406 4816532.57668677
536677.69219016 4816532.57661333
536677.67861537 4816532.59504959
536677.65166758 4816532.59490271
536677.62461890 4816532.61326553
536677.57052154 4816532.64999117
536677.57021886 4816532.70552029
536677.55664407 4816532.72395656
536677.54296839 4816532.76090253
536677.54286749 4816532.77941224
536677.55634139 4816532.77948568
536677.54296839 4816532.76090253
536677.54317017 4816532.72388311
536677.52999896 4816532.66828054
536677.54367464 4816532.63133457
536677.55735032 4816532.59438860
536677.57092511 4816532.57595234
536677.55735032 4816532.59438860
536677.55704764 4816532.64991772
536677.57021886 4816532.70552029
536677.59696486 4816532.74268659
536677.56991618 4816532.76104941
536677.55644228 4816532.76097597
536677.54317017 4816532.72388311
536677.55654318 4816532.74246626
536677.58349096 4816532.74261315
536677.62371086 4816532.77985290
536677.65025508 4816532.85403862
536677.66332540 4816532.92815089
536677.71681740 4816533.00248350
536677.75673461 4816533.09525237
536677.79695451 4816533.13249212
536677.85085008 4816533.13278590
536677.91791687 4816533.18868225
536677.93098719 4816533.26279452
536677.95732961 4816533.37399966
536677.98407561 4816533.41116596
536677.98377292 4816533.46669509
536677.97009724 4816533.50364106
536677.95642156 4816533.54058703
536677.99684324 4816533.54080736
536678.03706313 4816533.57804711
536678.03726492 4816533.54102770
536678.02389192 4816533.52244454
536678.02409371 4816533.48542513
536678.01061981 4816533.48535169
536677.99704503 4816533.50378795
536677.98377292 4816533.46669509
536677.98397471 4816533.42967567
536677.98437829 4816533.35563684
536677.98468097 4816533.30010772
536677.98498365 4816533.24457859
536677.97181244 4816533.18897602
536677.93159255 4816533.15173627
536677.90484655 4816533.11456997
536677.86462666 4816533.07733022
536677.85125366 4816533.05874707
536677.81103376 4816533.02150732
536677.77061208 4816533.02128699
536677.70364619 4816532.94688093
536677.67710197 4816532.87269521
536677.63698297 4816532.81694576
536677.63738654 4816532.74290693
536677.65106222 4816532.70596095
536677.65116312 4816532.68745125
