536669.47271085 4816532.60585632
536669.47271085 4816532.60585632
536669.47271085 4816532.60585632
536669.47271085 4816532.60585632
536669.47271085 4816532.60585632
536669.47271085 4816532.60585632
536669.47271085 4816532.60585632
536669.47260997 4816532.62436603
536669.47260997 4816532.62436603
536669.47260997 4816532.62436603
536669.47260997 4816532.62436603
536669.47260997 4816532.62436603
536669.47260997 4816532.62436603
536669.47260997 4816532.62436603
536669.47260997 4816532.62436603
536669.47260997 4816532.62436603
536669.47260997 4816532.62436603
536669.47260997 4816532.62436603
536669.47260997 4816532.62436603
536669.47260997 4816532.62436603
536669.47260997 4816532.62436603
536669.47260997 4816532.62436603
536669.47260997 4816532.62436603
536669.47260997 4816532.62436603
536669.47260997 4816532.62436603
536669.47260997 4816532.62436603
536669.47260997 4816532.62436603
536669.47260997 4816532.62436603
536669.47260997 4816532.62436603
536669.47260997 4816532.62436603
536669.47260997 4816532.62436603
536669.47260997 4816532.62436603
536669.47260997 4816532.62436603
536669.47260997 4816532.62436603
536669.47260997 4816532.62436603
536669.47260997 4816532.62436603
536669.47260997 4816532.62436603
536669.47260997 4816532.62436603
536669.47260997 4816532.62436603
536669.47260997 4816532.62436603
536669.47260997 4816532.62436603
536669.47260997 4816532.62436603
536669.47260997 4816532.62436603
536669.47260997 4816532.62436603
536669.47260997 4816532.62436603
536669.47260997 4816532.62436603
536669.47260997 4816532.62436603
536669.47260997 4816532.62436603
536669.47260997 4816532.62436603
536669.47260997 4816532.62436603
536669.47260997 4816532.62436603
536669.47260997 4816532.62436603
536669.47260997 4816532.62436603
536669.47260997 4816532.62436603
536669.47260997 4816532.62436603
536669.47250910 4816532.64287574
536669.47250910 4816532.64287574
536669.47250910 4816532.64287574
536669.47250910 4816532.64287574
536669.47250910 4816532.64287574
536669.47250910 4816532.64287574
536669.47250910 4816532.64287574
536669.47250910 4816532.64287574
536669.47250910 4816532.64287574
536669.47250910 4816532.64287574
536669.47250910 4816532.64287574
536669.47250910 4816532.64287574
536669.47250910 4816532.64287574
536669.47250910 4816532.64287574
536669.47250910 4816532.64287574
536669.47250910 4816532.64287574
536669.47250910 4816532.64287574
536669.47250910 4816532.64287574
536669.47250910 4816532.64287574
536669.47250910 4816532.64287574
536669.47250910 4816532.64287574
536669.47250910 4816532.64287574
536669.47250910 4816532.64287574
536669.47250910 4816532.64287574
536669.47250910 4816532.64287574
536669.47250910 4816532.64287574
536669.47250910 4816532.64287574
536669.47250910 4816532.64287574
536669.47250910 4816532.64287574
536669.47250910 4816532.64287574
536669.47250910 4816532.64287574
536669.47250910 4816532.64287574
536669.47250910 4816532.64287574
536669.47250910 4816532.64287574
536669.47250910 4816532.64287574
536669.47250910 4816532.64287574
536669.47250910 4816532.64287574
536669.47250910 4816532.64287574
536669.47250910 4816532.64287574
536669.47250910 4816532.64287574
536669.47250910 4816532.64287574
536669.45903521 4816532.64280231
536669.45903521 4816532.64280231
536669.45903521 4816532.64280231
536669.45903521 4816532.64280231
536669.45903521 4816532.64280231
536669.45903521 4816532.64280231
536669.45903521 4816532.64280231
536669.45903521 4816532.64280231
536669.45893434 4816532.66131202
536669.45893434 4816532.66131202
536669.45893434 4816532.66131202
536669.45893434 4816532.66131202
536669.45893434 4816532.66131202
536669.45893434 4816532.66131202
536669.45893434 4816532.66131202
536669.45893434 4816532.66131202
536669.45893434 4816532.66131202
536669.45893434 4816532.66131202
536669.45893434 4816532.66131202
536669.45893434 4816532.66131202
536669.45893434 4816532.66131202
536669.45893434 4816532.66131202
536669.45893434 4816532.66131202
536669.45903521 4816532.64280231
536669.45903521 4816532.64280231
536669.45903521 4816532.64280231
536669.45903521 4816532.64280231
536669.45903521 4816532.64280231
536669.45903521 4816532.64280231
536669.45903521 4816532.64280231
536669.45903521 4816532.64280231
536669.45903521 4816532.64280231
536669.45903521 4816532.64280231
536669.45903521 4816532.64280231
536669.45903521 4816532.64280231
536669.45903521 4816532.64280231
536669.45903521 4816532.64280231
536669.45903521 4816532.64280231
536669.45903521 4816532.64280231
536669.45903521 4816532.64280231
536669.45893434 4816532.66131202
536669.45893434 4816532.66131202
536669.45893434 4816532.66131202
536669.45893434 4816532.66131202
536669.45893434 4816532.66131202
536669.45893434 4816532.66131202
536669.45893434 4816532.66131202
536669.45893434 4816532.66131202
536669.44546044 4816532.66123859
536669.44546044 4816532.66123859
536669.44546044 4816532.66123859
536669.44546044 4816532.66123859
536669.44546044 4816532.66123859
536669.44546044 4816532.66123859
536669.44546044 4816532.66123859
536669.44546044 4816532.66123859
536669.44546044 4816532.66123859
536669.44546044 4816532.66123859
536669.44546044 4816532.66123859
536669.44546044 4816532.66123859
536669.44546044 4816532.66123859
536669.44546044 4816532.66123859
536669.44546044 4816532.66123859
536669.44546044 4816532.66123859
536669.44546044 4816532.66123859
536669.44546044 4816532.66123859
536669.44546044 4816532.66123859
536669.44546044 4816532.66123859
536669.44546044 4816532.66123859
536669.44546044 4816532.66123859
536669.44546044 4816532.66123859
536669.44546044 4816532.66123859
536669.44546044 4816532.66123859
536669.44546044 4816532.66123859
536669.44546044 4816532.66123859
536669.44546044 4816532.66123859
536669.44546044 4816532.66123859
536669.44546044 4816532.66123859
536669.44546044 4816532.66123859
536669.44546044 4816532.66123859
536669.44546044 4816532.66123859
536669.44546044 4816532.66123859
536669.44546044 4816532.66123859
536669.44546044 4816532.66123859
536669.44546044 4816532.66123859
536669.44546044 4816532.66123859
536669.44546044 4816532.66123859
536669.44546044 4816532.66123859
536669.44546044 4816532.66123859
536669.44546044 4816532.66123859
536669.44546044 4816532.66123859
536669.44546044 4816532.66123859
536669.44546044 4816532.66123859
536669.44546044 4816532.66123859
536669.44546044 4816532.66123859
536669.44546044 4816532.66123859
536669.44535957 4816532.67974830
536669.44535957 4816532.67974830
536669.44535957 4816532.67974830
536669.44535957 4816532.67974830
536669.44535957 4816532.67974830
536669.44535957 4816532.67974830
536669.44535957 4816532.67974830
536669.44535957 4816532.67974830
536678.39455661 4816537.20800635
536678.39455661 4816537.20800635
536678.39455661 4816537.20800635
536678.39455661 4816537.20800635
536678.39455661 4816537.20800635
536678.39455661 4816537.20800635
536678.39455661 4816537.20800635
536678.39455661 4816537.20800635
536678.39455661 4816537.20800635
536678.73231182 4816537.04325512
536678.73231182 4816537.04325512
536678.73231182 4816537.04325512
536678.73231182 4816537.04325512
536678.73231182 4816537.04325512
536678.73231182 4816537.04325512
536678.73231182 4816537.04325512
536678.73231182 4816537.04325512
536678.84020380 4816537.02533298
536678.84020380 4816537.02533298
536678.84020380 4816537.02533298
536678.84020380 4816537.02533298
536678.84020380 4816537.02533298
536678.84020380 4816537.02533298
536678.84020380 4816537.02533298
536678.84020380 4816537.02533298
536678.98831565 4816537.04465060
536678.98831565 4816537.04465060
536678.98831565 4816537.04465060
536678.98831565 4816537.04465060
536678.98831565 4816537.04465060
536678.98831565 4816537.04465060
536678.98831565 4816537.04465060
536678.98831565 4816537.04465060
536679.09580404 4816537.10076730
536679.09580404 4816537.10076730
536679.09580404 4816537.10076730
536679.09580404 4816537.10076730
536679.09580404 4816537.10076730
536679.09580404 4816537.10076730
536679.09580404 4816537.10076730
536679.09580404 4816537.10076730
536679.24411769 4816537.08306551
536679.24411769 4816537.08306551
536679.24411769 4816537.08306551
536679.24411769 4816537.08306551
536679.24411769 4816537.08306551
536679.24411769 4816537.08306551
536679.24411769 4816537.08306551
536679.24411769 4816537.08306551
536679.25769247 4816537.06462925
536679.25769247 4816537.06462925
536679.25769247 4816537.06462925
536679.25769247 4816537.06462925
536679.25769247 4816537.06462925
536679.25769247 4816537.06462925
536679.25769247 4816537.06462925
536679.25769247 4816537.06462925
536679.27126725 4816537.04619299
536679.27126725 4816537.04619299
536679.27126725 4816537.04619299
536679.27126725 4816537.04619299
536679.27126725 4816537.04619299
536679.27126725 4816537.04619299
536679.27126725 4816537.04619299
536679.27126725 4816537.04619299
536679.27136815 4816537.02768328
536679.27136815 4816537.02768328
536679.27136815 4816537.02768328
536679.27136815 4816537.02768328
536679.27136815 4816537.02768328
536679.27136815 4816537.02768328
536679.27136815 4816537.02768328
536679.27136815 4816537.02768328
536679.27136815 4816537.02768328
536679.27136815 4816537.02768328
536679.27136815 4816537.02768328
536679.27136815 4816537.02768328
536679.27136815 4816537.02768328
536679.27136815 4816537.02768328
536679.27136815 4816537.02768328
536679.27136815 4816537.02768328
536679.27146905 4816537.00917357
536679.27146905 4816537.00917357
536679.27146905 4816537.00917357
536679.27146905 4816537.00917357
536679.27146905 4816537.00917357
536679.27146905 4816537.00917357
536679.27146905 4816537.00917357
536679.27146905 4816537.00917357
536679.27146905 4816537.00917357
536679.27146905 4816537.00917357
536679.27146905 4816537.00917357
536679.27146905 4816537.00917357
536679.27146905 4816537.00917357
536679.27146905 4816537.00917357
536679.27146905 4816537.00917357
536679.27146905 4816537.00917357
536679.27156995 4816536.99066386
536679.27156995 4816536.99066386
536679.27156995 4816536.99066386
536679.27156995 4816536.99066386
536679.27156995 4816536.99066386
536679.27156995 4816536.99066386
536679.27156995 4816536.99066386
536679.27156995 4816536.99066386
536679.27156995 4816536.99066386
536679.27156995 4816536.99066386
536679.27156995 4816536.99066386
536679.27156995 4816536.99066386
536679.27156995 4816536.99066386
536679.27156995 4816536.99066386
536679.27156995 4816536.99066386
536679.27156995 4816536.99066386
536679.27156995 4816536.99066386
536679.27156995 4816536.99066386
536679.27156995 4816536.99066386
536679.27156995 4816536.99066386
536679.27156995 4816536.99066386
536679.27156995 4816536.99066386
536679.27156995 4816536.99066386
536679.27156995 4816536.99066386
536679.25819696 4816536.97208071
536679.25819696 4816536.97208071
536679.25819696 4816536.97208071
536679.25819696 4816536.97208071
536679.25819696 4816536.97208071
536679.25819696 4816536.97208071
536679.25819696 4816536.97208071
536679.25819696 4816536.97208071
536679.25819696 4816536.97208071
536679.25819696 4816536.97208071
536679.25819696 4816536.97208071
536679.25819696 4816536.97208071
536679.25819696 4816536.97208071
536679.25819696 4816536.97208071
536679.25819696 4816536.97208071
536679.25819696 4816536.97208071
536679.25819696 4816536.97208071
536679.25819696 4816536.97208071
536679.25819696 4816536.97208071
536679.25819696 4816536.97208071
536679.25819696 4816536.97208071
536679.25819696 4816536.97208071
536679.25819696 4816536.97208071
536679.25819696 4816536.97208071
536679.25829786 4816536.95357100
536679.25829786 4816536.95357100
536679.25829786 4816536.95357100
536679.25829786 4816536.95357100
536679.25829786 4816536.95357100
536679.25829786 4816536.95357100
536679.25829786 4816536.95357100
536679.25829786 4816536.95357100
536679.25829786 4816536.95357100
536679.25829786 4816536.95357100
536679.25829786 4816536.95357100
536679.25829786 4816536.95357100
536679.25829786 4816536.95357100
536679.25829786 4816536.95357100
536679.25829786 4816536.95357100
536679.25829786 4816536.95357100
536679.27177174 4816536.95364445
536679.27177174 4816536.95364445
536679.27177174 4816536.95364445
536679.27177174 4816536.95364445
536679.27177174 4816536.95364445
536679.27177174 4816536.95364445
536679.27177174 4816536.95364445
536679.27177174 4816536.95364445
536679.27177174 4816536.95364445
536679.27177174 4816536.95364445
536679.27177174 4816536.95364445
536679.27177174 4816536.95364445
536679.27177174 4816536.95364445
536679.27177174 4816536.95364445
536679.27177174 4816536.95364445
536679.27177174 4816536.95364445
536679.28524563 4816536.95371790
536679.28524563 4816536.95371790
536679.28524563 4816536.95371790
536679.28524563 4816536.95371790
536679.28524563 4816536.95371790
536679.28524563 4816536.95371790
536679.28524563 4816536.95371790
536679.28524563 4816536.95371790
536679.29861862 4816536.97230105
536679.29861862 4816536.97230105
536679.29861862 4816536.97230105
536679.29861862 4816536.97230105
536679.29861862 4816536.97230105
536679.29861862 4816536.97230105
536679.29861862 4816536.97230105
536679.29861862 4816536.97230105
536679.31209250 4816536.97237450
536679.31209250 4816536.97237450
536679.31209250 4816536.97237450
536679.31209250 4816536.97237450
536679.31209250 4816536.97237450
536679.31209250 4816536.97237450
536679.31209250 4816536.97237450
536689.03266967 4816543.35587763
536689.03266967 4816543.35587763
536689.03266967 4816543.35587763
536689.03266967 4816543.35587763
536689.03266967 4816543.35587763
536689.03266967 4816543.35587763
536689.07369684 4816543.24503978
536689.07369684 4816543.24503978
536689.07369684 4816543.24503978
536689.07369684 4816543.24503978
536689.07369684 4816543.24503978
536689.07369684 4816543.24503978
536689.07369684 4816543.24503978
536689.07369684 4816543.24503978
536689.11391661 4816543.28227960
536689.11391661 4816543.28227960
536689.11391661 4816543.28227960
536689.11391661 4816543.28227960
536689.11391661 4816543.28227960
536689.11391661 4816543.28227960
536689.11391661 4816543.28227960
536689.01899395 4816543.39282358
536689.01899395 4816543.39282358
536689.01899395 4816543.39282358
536689.01899395 4816543.39282358
536689.01899395 4816543.39282358
536689.01899395 4816543.39282358
536689.01899395 4816543.39282358
536689.01899395 4816543.39282358
536689.01899395 4816543.39282358
536688.81648215 4816543.46576041
536688.81648215 4816543.46576041
536688.81648215 4816543.46576041
536688.81648215 4816543.46576041
536688.81648215 4816543.46576041
536688.81648215 4816543.46576041
536688.81648215 4816543.46576041
536688.81648215 4816543.46576041
536688.73483152 4816543.61339728
536688.73483152 4816543.61339728
536688.73483152 4816543.61339728
536688.73483152 4816543.61339728
536688.73483152 4816543.61339728
536688.73483152 4816543.61339728
536688.73483152 4816543.61339728
536688.73483152 4816543.61339728
536688.70748007 4816543.68728918
536688.70748007 4816543.68728918
536688.70748007 4816543.68728918
536688.70748007 4816543.68728918
536688.70748007 4816543.68728918
536688.70748007 4816543.68728918
536688.70748007 4816543.68728918
536688.70748007 4816543.68728918
536688.63950517 4816543.79798010
536688.63950517 4816543.79798010
536688.63950517 4816543.79798010
536688.63950517 4816543.79798010
536688.63950517 4816543.79798010
536688.63950517 4816543.79798010
536688.63950517 4816543.79798010
536688.63950517 4816543.79798010
536688.55856101 4816543.81604901
536688.55856101 4816543.81604901
536688.55856101 4816543.81604901
536688.55856101 4816543.81604901
536688.55856101 4816543.81604901
536688.55856101 4816543.81604901
536688.55856101 4816543.81604901
536688.55856101 4816543.81604901
536688.55846008 4816543.83455872
536688.55846008 4816543.83455872
536688.55846008 4816543.83455872
536688.55846008 4816543.83455872
536688.55846008 4816543.83455872
536688.55846008 4816543.83455872
536688.55846008 4816543.83455872
536688.55846008 4816543.83455872
536688.55846008 4816543.83455872
536688.55846008 4816543.83455872
536688.55846008 4816543.83455872
536688.55846008 4816543.83455872
536688.55846008 4816543.83455872
536688.55846008 4816543.83455872
536688.55846008 4816543.83455872
536688.55846008 4816543.83455872
536688.54488529 4816543.85299496
536688.54488529 4816543.85299496
536688.54488529 4816543.85299496
536688.54488529 4816543.85299496
536688.54488529 4816543.85299496
536688.54488529 4816543.85299496
536688.54488529 4816543.85299496
536688.54488529 4816543.85299496
536688.54488529 4816543.85299496
536688.54488529 4816543.85299496
536688.54488529 4816543.85299496
536688.54488529 4816543.85299496
536688.54488529 4816543.85299496
536688.54488529 4816543.85299496
536688.54488529 4816543.85299496
536688.54488529 4816543.85299496
536688.54478437 4816543.87150467
536688.54478437 4816543.87150467
536688.54478437 4816543.87150467
536688.54478437 4816543.87150467
536688.54478437 4816543.87150467
536688.54478437 4816543.87150467
536688.54478437 4816543.87150467
536688.54478437 4816543.87150467
536688.54468344 4816543.89001438
536688.54468344 4816543.89001438
536688.54468344 4816543.89001438
536688.54468344 4816543.89001438
536688.54468344 4816543.89001438
536688.54468344 4816543.89001438
536688.54468344 4816543.89001438
536688.54468344 4816543.89001438
536688.54468344 4816543.89001438
536688.54468344 4816543.89001438
536688.54468344 4816543.89001438
536688.54468344 4816543.89001438
536688.54468344 4816543.89001438
536688.54468344 4816543.89001438
536688.54468344 4816543.89001438
536688.54468344 4816543.89001438
536688.54458252 4816543.90852409
536688.54458252 4816543.90852409
536688.54458252 4816543.90852409
536688.54458252 4816543.90852409
536688.54458252 4816543.90852409
536688.54458252 4816543.90852409
536688.54458252 4816543.90852409
536688.54458252 4816543.90852409
536688.54458252 4816543.90852409
536688.54458252 4816543.90852409
536688.54458252 4816543.90852409
536688.54458252 4816543.90852409
536688.54458252 4816543.90852409
536688.54458252 4816543.90852409
536688.54458252 4816543.90852409
536688.54458252 4816543.90852409
536688.55795547 4816543.92710726
536688.55795547 4816543.92710726
536688.55795547 4816543.92710726
536688.55795547 4816543.92710726
536688.55795547 4816543.92710726
536688.55795547 4816543.92710726
536688.55795547 4816543.92710726
536688.55795547 4816543.92710726
536688.55795547 4816543.92710726
536688.55795547 4816543.92710726
536688.55795547 4816543.92710726
536688.55795547 4816543.92710726
536688.55795547 4816543.92710726
536688.55795547 4816543.92710726
536688.55795547 4816543.92710726
536688.55795547 4816543.92710726
536688.57132842 4816543.94569043
536688.57132842 4816543.94569043
536688.57132842 4816543.94569043
536688.57132842 4816543.94569043
536688.57132842 4816543.94569043
536688.57132842 4816543.94569043
536688.57132842 4816543.94569043
536688.57132842 4816543.94569043
536688.57132842 4816543.94569043
536688.57132842 4816543.94569043
536688.57132842 4816543.94569043
536688.57132842 4816543.94569043
536688.57132842 4816543.94569043
536688.57132842 4816543.94569043
536688.57132842 4816543.94569043
536688.57132842 4816543.94569043
536688.58480229 4816543.94576390
536688.58480229 4816543.94576390
536688.58480229 4816543.94576390
536688.58480229 4816543.94576390
536688.58480229 4816543.94576390
536688.58480229 4816543.94576390
536688.58480229 4816543.94576390
536688.61175003 4816543.94591083
536688.61175003 4816543.94591083
536688.61175003 4816543.94591083
536688.61175003 4816543.94591083
536688.61175003 4816543.94591083
536688.61175003 4816543.94591083
536688.61175003 4816543.94591083
536688.61175003 4816543.94591083
536688.62522390 4816543.94598430
536688.62522390 4816543.94598430
536688.62522390 4816543.94598430
536688.62522390 4816543.94598430
536688.62522390 4816543.94598430
536688.62522390 4816543.94598430
536688.62522390 4816543.94598430
536688.62522390 4816543.94598430
536688.63869778 4816543.94605776
536688.63869778 4816543.94605776
536688.63869778 4816543.94605776
536685.91087466 4816552.46441412
536685.91087466 4816552.46441412
536685.91087466 4816552.46441412
536685.91087466 4816552.46441412
536685.91087466 4816552.46441412
536685.91087466 4816552.46441412
536685.91087466 4816552.46441412
536685.81807142 4816552.18625426
536685.81807142 4816552.18625426
536685.81807142 4816552.18625426
536685.81807142 4816552.18625426
536685.81807142 4816552.18625426
536685.81807142 4816552.18625426
536685.81807142 4816552.18625426
536685.81807142 4816552.18625426
536685.63085026 4816551.92608990
536685.63085026 4816551.92608990
536685.63085026 4816551.92608990
536685.63085026 4816551.92608990
536685.63085026 4816551.92608990
536685.63085026 4816551.92608990
536685.63085026 4816551.92608990
536685.63085026 4816551.92608990
536685.59174060 4816551.68524331
536685.59174060 4816551.68524331
536685.59174060 4816551.68524331
536685.59174060 4816551.68524331
536685.59174060 4816551.68524331
536685.59174060 4816551.68524331
536685.59174060 4816551.68524331
536685.59174060 4816551.68524331
536685.38943092 4816551.72116083
536685.38943092 4816551.72116083
536685.38943092 4816551.72116083
536685.38943092 4816551.72116083
536685.38943092 4816551.72116083
536685.38943092 4816551.72116083
536685.38943092 4816551.72116083
536685.38943092 4816551.72116083
536685.18611209 4816551.94217544
536685.18611209 4816551.94217544
536685.18611209 4816551.94217544
536685.18611209 4816551.94217544
536685.18611209 4816551.94217544
536685.18611209 4816551.94217544
536685.18611209 4816551.94217544
536685.18611209 4816551.94217544
536685.03779876 4816551.95987710
536685.03779876 4816551.95987710
536685.03779876 4816551.95987710
536685.03779876 4816551.95987710
536685.03779876 4816551.95987710
536685.03779876 4816551.95987710
536685.03779876 4816551.95987710
536685.03779876 4816551.95987710
536685.03779876 4816551.95987710
536685.03779876 4816551.95987710
536685.03779876 4816551.95987710
536685.03779876 4816551.95987710
536685.03779876 4816551.95987710
536685.03779876 4816551.95987710
536685.03779876 4816551.95987710
536685.03779876 4816551.95987710
536685.03779876 4816551.95987710
536685.03779876 4816551.95987710
536685.03779876 4816551.95987710
536685.03779876 4816551.95987710
536685.03779876 4816551.95987710
536685.03779876 4816551.95987710
536685.03779876 4816551.95987710
536685.03779876 4816551.95987710
536685.03779876 4816551.95987710
536685.03779876 4816551.95987710
536685.03779876 4816551.95987710
536685.03779876 4816551.95987710
536685.03779876 4816551.95987710
536685.03779876 4816551.95987710
536685.03779876 4816551.95987710
536685.03779876 4816551.95987710
536685.03779876 4816551.95987710
536685.03779876 4816551.95987710
536685.03779876 4816551.95987710
536685.03779876 4816551.95987710
536685.03779876 4816551.95987710
536685.03779876 4816551.95987710
536685.03779876 4816551.95987710
536685.02442582 4816551.94129393
536685.02442582 4816551.94129393
536685.02442582 4816551.94129393
536685.02442582 4816551.94129393
536685.02442582 4816551.94129393
536685.02442582 4816551.94129393
536685.02442582 4816551.94129393
536685.02442582 4816551.94129393
536685.02442582 4816551.94129393
536685.02442582 4816551.94129393
536685.02442582 4816551.94129393
536685.02442582 4816551.94129393
536685.02442582 4816551.94129393
536685.02442582 4816551.94129393
536685.02442582 4816551.94129393
536685.02442582 4816551.94129393
536685.03800059 4816551.92285768
536685.03800059 4816551.92285768
536685.03800059 4816551.92285768
536685.03800059 4816551.92285768
536685.03800059 4816551.92285768
536685.03800059 4816551.92285768
536685.03800059 4816551.92285768
536685.03800059 4816551.92285768
536685.03800059 4816551.92285768
536685.03800059 4816551.92285768
536685.03800059 4816551.92285768
536685.03800059 4816551.92285768
536685.03800059 4816551.92285768
536685.03800059 4816551.92285768
536685.03800059 4816551.92285768
536685.03800059 4816551.92285768
536685.03800059 4816551.92285768
536685.03800059 4816551.92285768
536685.03800059 4816551.92285768
536685.03800059 4816551.92285768
536685.03800059 4816551.92285768
536685.03800059 4816551.92285768
536685.03800059 4816551.92285768
536685.03800059 4816551.92285768
536685.05157536 4816551.90442143
536685.05157536 4816551.90442143
536685.05157536 4816551.90442143
536685.05157536 4816551.90442143
536685.05157536 4816551.90442143
536685.05157536 4816551.90442143
536685.05157536 4816551.90442143
536685.05157536 4816551.90442143
536685.05157536 4816551.90442143
536685.05157536 4816551.90442143
536685.05157536 4816551.90442143
536685.05157536 4816551.90442143
536685.05157536 4816551.90442143
536685.05157536 4816551.90442143
536685.05157536 4816551.90442143
536685.05157536 4816551.90442143
536685.06504922 4816551.90449489
536685.06504922 4816551.90449489
536685.06504922 4816551.90449489
536685.06504922 4816551.90449489
536685.06504922 4816551.90449489
536685.06504922 4816551.90449489
536685.06504922 4816551.90449489
536685.06504922 4816551.90449489
536685.07852307 4816551.90456835
536685.07852307 4816551.90456835
536685.07852307 4816551.90456835
536685.07852307 4816551.90456835
536685.07852307 4816551.90456835
536685.07852307 4816551.90456835
536685.07852307 4816551.90456835
536685.07852307 4816551.90456835
536685.07852307 4816551.90456835
536685.07852307 4816551.90456835
536685.07852307 4816551.90456835
536685.07852307 4816551.90456835
536685.07852307 4816551.90456835
536685.07852307 4816551.90456835
536685.07852307 4816551.90456835
536685.07852307 4816551.90456835
536685.09199693 4816551.90464181
536685.09199693 4816551.90464181
536685.09199693 4816551.90464181
536685.09199693 4816551.90464181
536685.09199693 4816551.90464181
536685.09199693 4816551.90464181
536685.09199693 4816551.90464181
536685.09199693 4816551.90464181
536685.09199693 4816551.90464181
536685.09199693 4816551.90464181
536685.09199693 4816551.90464181
536685.09199693 4816551.90464181
536685.09199693 4816551.90464181
536685.09199693 4816551.90464181
536685.09199693 4816551.90464181
536685.09199693 4816551.90464181
536685.10547079 4816551.90471527
536685.10547079 4816551.90471527
536685.10547079 4816551.90471527
536685.10547079 4816551.90471527
536685.10547079 4816551.90471527
536685.10547079 4816551.90471527
536685.10547079 4816551.90471527
536685.10547079 4816551.90471527
536685.10547079 4816551.90471527
536685.10547079 4816551.90471527
536685.10547079 4816551.90471527
536685.10547079 4816551.90471527
536685.10547079 4816551.90471527
536685.10547079 4816551.90471527
536685.10547079 4816551.90471527
536685.10547079 4816551.90471527
536685.10557170 4816551.88620556
536685.10557170 4816551.88620556
536675.91856571 4816548.96703447
536675.91856571 4816548.96703447
536675.91856571 4816548.96703447
536675.91856571 4816548.96703447
536675.91856571 4816548.96703447
536675.91856571 4816548.96703447
536675.91856571 4816548.96703447
536675.91856571 4816548.96703447
536675.83832787 4816548.85553557
536675.83832787 4816548.85553557
536675.83832787 4816548.85553557
536675.83832787 4816548.85553557
536675.83832787 4816548.85553557
536675.83832787 4816548.85553557
536675.83832787 4816548.85553557
536675.83832787 4816548.85553557
536675.82384512 4816549.04055922
536675.82384512 4816549.04055922
536675.82384512 4816549.04055922
536675.82384512 4816549.04055922
536675.82384512 4816549.04055922
536675.82384512 4816549.04055922
536675.82384512 4816549.04055922
536675.93062712 4816549.22624383
536675.93062712 4816549.22624383
536675.93062712 4816549.22624383
536675.93062712 4816549.22624383
536675.93062712 4816549.22624383
536675.93062712 4816549.22624383
536675.93062712 4816549.22624383
536675.93062712 4816549.22624383
536675.93062712 4816549.22624383
536675.99749198 4816549.31915957
536675.99749198 4816549.31915957
536675.99749198 4816549.31915957
536675.99749198 4816549.31915957
536675.99749198 4816549.31915957
536675.99749198 4816549.31915957
536675.99749198 4816549.31915957
536675.98331190 4816549.44865409
536675.98331190 4816549.44865409
536675.98331190 4816549.44865409
536675.98331190 4816549.44865409
536675.98331190 4816549.44865409
536675.98331190 4816549.44865409
536675.98331190 4816549.44865409
536675.98331190 4816549.44865409
536675.98331190 4816549.44865409
536675.99678576 4816549.44872753
536675.99678576 4816549.44872753
536675.99678576 4816549.44872753
536675.99678576 4816549.44872753
536675.99678576 4816549.44872753
536675.99678576 4816549.44872753
536675.99678576 4816549.44872753
536675.99678576 4816549.44872753
536675.99678576 4816549.44872753
536675.99678576 4816549.44872753
536675.99678576 4816549.44872753
536675.99678576 4816549.44872753
536675.99678576 4816549.44872753
536675.99678576 4816549.44872753
536675.99678576 4816549.44872753
536675.99678576 4816549.44872753
536676.01036051 4816549.43029126
536676.01036051 4816549.43029126
536676.01036051 4816549.43029126
536676.01036051 4816549.43029126
536676.01036051 4816549.43029126
536676.01036051 4816549.43029126
536676.01036051 4816549.43029126
536676.01036051 4816549.43029126
536676.01036051 4816549.43029126
536676.01036051 4816549.43029126
536676.01036051 4816549.43029126
536676.01036051 4816549.43029126
536676.01036051 4816549.43029126
536676.01036051 4816549.43029126
536676.01036051 4816549.43029126
536676.01036051 4816549.43029126
536676.02373348 4816549.44887441
536676.02373348 4816549.44887441
536676.02373348 4816549.44887441
536676.02373348 4816549.44887441
536676.02373348 4816549.44887441
536676.02373348 4816549.44887441
536676.02373348 4816549.44887441
536676.02373348 4816549.44887441
536676.02373348 4816549.44887441
536676.02373348 4816549.44887441
536676.02373348 4816549.44887441
536676.02373348 4816549.44887441
536676.02373348 4816549.44887441
536676.02373348 4816549.44887441
536676.02373348 4816549.44887441
536676.02373348 4816549.44887441
536676.03730823 4816549.43043815
536676.03730823 4816549.43043815
536676.03730823 4816549.43043815
536676.03730823 4816549.43043815
536676.03730823 4816549.43043815
536676.03730823 4816549.43043815
536676.03730823 4816549.43043815
536676.03720734 4816549.44894785
536676.03720734 4816549.44894785
536676.03720734 4816549.44894785
536676.03720734 4816549.44894785
536676.03720734 4816549.44894785
536676.03720734 4816549.44894785
536676.03720734 4816549.44894785
536676.03720734 4816549.44894785
536676.03720734 4816549.44894785
536676.05068120 4816549.44902130
536676.05068120 4816549.44902130
536676.05068120 4816549.44902130
536676.05068120 4816549.44902130
536676.05068120 4816549.44902130
536676.05068120 4816549.44902130
536676.05068120 4816549.44902130
536676.05068120 4816549.44902130
536676.06415506 4816549.44909474
536676.06415506 4816549.44909474
536676.06415506 4816549.44909474
536676.06415506 4816549.44909474
536676.06415506 4816549.44909474
536676.06415506 4816549.44909474
536676.06415506 4816549.44909474
536676.06415506 4816549.44909474
536676.06415506 4816549.44909474
536676.06415506 4816549.44909474
536676.06415506 4816549.44909474
536676.06415506 4816549.44909474
536676.06415506 4816549.44909474
536676.06415506 4816549.44909474
536676.06415506 4816549.44909474
536676.06415506 4816549.44909474
536676.06415506 4816549.44909474
536676.06415506 4816549.44909474
536676.06415506 4816549.44909474
536676.06415506 4816549.44909474
536676.06415506 4816549.44909474
536676.06415506 4816549.44909474
536676.06415506 4816549.44909474
536676.06415506 4816549.44909474
536676.07762892 4816549.44916818
536676.07762892 4816549.44916818
536676.07762892 4816549.44916818
536676.07762892 4816549.44916818
536676.07762892 4816549.44916818
536676.07762892 4816549.44916818
536676.07762892 4816549.44916818
536676.07762892 4816549.44916818
536676.07762892 4816549.44916818
536676.07762892 4816549.44916818
536676.07762892 4816549.44916818
536676.07762892 4816549.44916818
536676.07762892 4816549.44916818
536676.07762892 4816549.44916818
536676.07762892 4816549.44916818
536676.07762892 4816549.44916818
536676.07762892 4816549.44916818
536676.07762892 4816549.44916818
536676.07762892 4816549.44916818
536676.07762892 4816549.44916818
536676.07762892 4816549.44916818
536676.07762892 4816549.44916818
536676.07762892 4816549.44916818
536676.07762892 4816549.44916818
536676.09110278 4816549.44924162
536676.09110278 4816549.44924162
536676.09110278 4816549.44924162
536676.09110278 4816549.44924162
536676.09110278 4816549.44924162
536676.09110278 4816549.44924162
536676.09110278 4816549.44924162
536676.09110278 4816549.44924162
536676.09110278 4816549.44924162
536676.09110278 4816549.44924162
536676.09110278 4816549.44924162
536676.09110278 4816549.44924162
536676.09110278 4816549.44924162
536676.09110278 4816549.44924162
536676.09110278 4816549.44924162
536676.09110278 4816549.44924162
536676.09110278 4816549.44924162
536676.09110278 4816549.44924162
536676.09110278 4816549.44924162
536676.09110278 4816549.44924162
536676.09110278 4816549.44924162
536676.09110278 4816549.44924162
536676.09110278 4816549.44924162
536676.09110278 4816549.44924162
536676.09110278 4816549.44924162
536676.09110278 4816549.44924162
536676.09110278 4816549.44924162
536676.09110278 4816549.44924162
536676.09110278 4816549.44924162
536676.09110278 4816549.44924162
536676.09110278 4816549.44924162
536676.09110278 4816549.44924162
536666.00991385 4816544.95183843
536666.00991385 4816544.95183843
536666.00991385 4816544.95183843
536666.00991385 4816544.95183843
536666.00991385 4816544.95183843
536665.99533050 4816545.15537181
536665.99533050 4816545.15537181
536665.99533050 4816545.15537181
536665.99533050 4816545.15537181
536665.99533050 4816545.15537181
536665.99533050 4816545.15537181
536665.99533050 4816545.15537181
536665.99533050 4816545.15537181
536665.99502792 4816545.21090093
536665.99502792 4816545.21090093
536665.99502792 4816545.21090093
536665.99502792 4816545.21090093
536665.99502792 4816545.21090093
536665.99502792 4816545.21090093
536665.99502792 4816545.21090093
536665.99502792 4816545.21090093
536666.04831823 4816545.32225286
536666.04831823 4816545.32225286
536666.04831823 4816545.32225286
536666.04831823 4816545.32225286
536666.04831823 4816545.32225286
536666.04831823 4816545.32225286
536666.04831823 4816545.32225286
536666.04831823 4816545.32225286
536665.96757587 4816545.30330263
536665.96757587 4816545.30330263
536665.96757587 4816545.30330263
536665.96757587 4816545.30330263
536665.96757587 4816545.30330263
536665.96757587 4816545.30330263
536665.96757587 4816545.30330263
536665.96757587 4816545.30330263
536665.92624651 4816545.46966974
536665.92624651 4816545.46966974
536665.92624651 4816545.46966974
536665.92624651 4816545.46966974
536665.92624651 4816545.46966974
536665.92624651 4816545.46966974
536665.92624651 4816545.46966974
536665.92624651 4816545.46966974
536665.99240552 4816545.69215335
536665.99240552 4816545.69215335
536665.99240552 4816545.69215335
536665.99240552 4816545.69215335
536665.99240552 4816545.69215335
536665.99240552 4816545.69215335
536665.99240552 4816545.69215335
536665.99240552 4816545.69215335
536666.12653903 4816545.80394580
536666.12653903 4816545.80394580
536666.12653903 4816545.80394580
536666.12653903 4816545.80394580
536666.12653903 4816545.80394580
536666.12653903 4816545.80394580
536666.12653903 4816545.80394580
536666.12653903 4816545.80394580
536666.11286343 4816545.84089180
536666.11286343 4816545.84089180
536666.11286343 4816545.84089180
536666.11286343 4816545.84089180
536666.11286343 4816545.84089180
536666.11286343 4816545.84089180
536666.11286343 4816545.84089180
536666.11286343 4816545.84089180
536666.13981117 4816545.84103864
536666.13981117 4816545.84103864
536666.13981117 4816545.84103864
536666.13981117 4816545.84103864
536666.13981117 4816545.84103864
536666.13981117 4816545.84103864
536666.13981117 4816545.84103864
536666.13981117 4816545.84103864
536666.13971031 4816545.85954835
536666.13971031 4816545.85954835
536666.13971031 4816545.85954835
536666.13971031 4816545.85954835
536666.13971031 4816545.85954835
536666.13971031 4816545.85954835
536666.13971031 4816545.85954835
536666.13971031 4816545.85954835
536666.15308331 4816545.87813148
536666.15308331 4816545.87813148
536666.15308331 4816545.87813148
536666.15308331 4816545.87813148
536666.15308331 4816545.87813148
536666.15308331 4816545.87813148
536666.15308331 4816545.87813148
536666.15308331 4816545.87813148
536666.15308331 4816545.87813148
536666.15308331 4816545.87813148
536666.15308331 4816545.87813148
536666.15308331 4816545.87813148
536666.15308331 4816545.87813148
536666.15308331 4816545.87813148
536666.15308331 4816545.87813148
536666.15308331 4816545.87813148
536666.15298245 4816545.89664119
536666.15298245 4816545.89664119
536666.15298245 4816545.89664119
536666.15298245 4816545.89664119
536666.15298245 4816545.89664119
536666.15298245 4816545.89664119
536666.15298245 4816545.89664119
536666.15298245 4816545.89664119
536666.16645632 4816545.89671461
536666.16645632 4816545.89671461
536666.16645632 4816545.89671461
536666.16645632 4816545.89671461
536666.16645632 4816545.89671461
536666.16645632 4816545.89671461
536666.16645632 4816545.89671461
536666.16645632 4816545.89671461
536666.16645632 4816545.89671461
536666.16645632 4816545.89671461
536666.16645632 4816545.89671461
536666.16645632 4816545.89671461
536666.16645632 4816545.89671461
536666.16645632 4816545.89671461
536666.16645632 4816545.89671461
536666.16645632 4816545.89671461
536666.17993019 4816545.89678803
536666.17993019 4816545.89678803
536666.17993019 4816545.89678803
536666.17993019 4816545.89678803
536666.17993019 4816545.89678803
536666.17993019 4816545.89678803
536666.17993019 4816545.89678803
536666.18003105 4816545.87827832
536666.18003105 4816545.87827832
536666.18003105 4816545.87827832
536666.18003105 4816545.87827832
536666.18003105 4816545.87827832
536666.18003105 4816545.87827832
536666.18003105 4816545.87827832
536666.18003105 4816545.87827832
536666.19350492 4816545.87835174
536666.19350492 4816545.87835174
536666.19350492 4816545.87835174
536666.19350492 4816545.87835174
536666.19350492 4816545.87835174
536666.19350492 4816545.87835174
536666.19350492 4816545.87835174
536666.19350492 4816545.87835174
536666.19350492 4816545.87835174
536666.19350492 4816545.87835174
536666.19350492 4816545.87835174
536666.19350492 4816545.87835174
536666.19350492 4816545.87835174
536666.19350492 4816545.87835174
536666.19350492 4816545.87835174
536666.19350492 4816545.87835174
536666.20707965 4816545.85991546
536666.20707965 4816545.85991546
536666.20707965 4816545.85991546
536666.20707965 4816545.85991546
536666.20707965 4816545.85991546
536666.20707965 4816545.85991546
536666.20707965 4816545.85991546
536666.20707965 4816545.85991546
536666.20707965 4816545.85991546
536666.20707965 4816545.85991546
536666.20707965 4816545.85991546
536666.20707965 4816545.85991546
536666.20707965 4816545.85991546
536666.20707965 4816545.85991546
536666.20707965 4816545.85991546
536666.20707965 4816545.85991546
536666.20707965 4816545.85991546
536666.20707965 4816545.85991546
536666.20707965 4816545.85991546
536666.20707965 4816545.85991546
536666.20707965 4816545.85991546
536666.20707965 4816545.85991546
536666.20707965 4816545.85991546
536666.20707965 4816545.85991546
536666.22065438 4816545.84147917
536666.22065438 4816545.84147917
536666.22065438 4816545.84147917
536666.22065438 4816545.84147917
536666.22065438 4816545.84147917
536666.22065438 4816545.84147917
536666.22065438 4816545.84147917
536666.22065438 4816545.84147917
536666.22065438 4816545.84147917
536666.22065438 4816545.84147917
536666.22065438 4816545.84147917
536666.22065438 4816545.84147917
536666.22065438 4816545.84147917
536666.22065438 4816545.84147917
536666.22065438 4816545.84147917
536666.22065438 4816545.84147917
536666.23422911 4816545.82304288
536666.23422911 4816545.82304288
536666.23422911 4816545.82304288
536666.23422911 4816545.82304288
