492818.40866327 5527517.11302686
492818.45431548 5527517.13978763
492818.42122043 5527517.14683371
492818.45983088 5527517.12217537
492818.52585719 5527517.15594328
492818.41147994 5527517.14454148
492818.45971794 5527517.12049568
492818.39876113 5527517.08696929
492818.37675917 5527517.14268868
492818.43095315 5527517.08224014
492818.45039417 5527517.17636485
492818.42897573 5527517.11312272
492818.47974194 5527517.12786333
492818.45281362 5527517.14805659
492818.38363798 5527517.16789634
492818.44147760 5527517.14389161
492818.39529409 5527517.11886354
492818.44233741 5527517.16205488
492818.37875737 5527517.13597888
492818.36278411 5527517.12190785
492818.44518757 5527517.12694000
492818.46316560 5527517.18699417
492818.42012430 5527517.13815407
492818.41600410 5527517.15428298
492818.37862227 5527517.08614978
492818.49858325 5527517.08724260
492818.37681985 5527517.10027471
492818.48482792 5527517.19876091
492818.37582914 5527517.16911457
492818.43694927 5527517.11314175
492818.44876022 5527517.11162640
492818.47782622 5527517.09295343
492818.40752327 5527517.16617459
492818.45699671 5527517.15357451
492818.47522806 5527517.16361321
492818.43640507 5527517.16157309
492818.42590332 5527517.15985818
492818.44190934 5527517.07716869
492818.44694874 5527517.15767477
492818.46715931 5527517.14424166
492818.33990589 5527517.16982946
492818.48279431 5527517.10773195
492818.48178359 5527517.12014960
492818.46752387 5527517.12224568
492818.45538723 5527517.14281641
492818.42487204 5527517.15575948
492818.38961926 5527517.08327942
492818.41179657 5527517.15329322
492818.45670687 5527517.11672724
492818.47040130 5527517.15410641
492818.39424114 5527517.08520178
492818.37377455 5527517.10306776
492818.46735696 5527517.16225644
492818.45617129 5527517.15559129
492818.45883522 5527517.13624035
492818.50164784 5527517.14849122
492818.40257603 5527517.14414040
492818.41921164 5527517.23757851
492818.46527940 5527517.17908671
492818.47586271 5527517.17979088
492818.51136057 5527517.14602564
492818.45556812 5527517.12605305
492818.47312771 5527517.05462356
492818.50633566 5527517.08816554
492818.39720477 5527517.08398055
492818.41596288 5527517.17260007
492818.54101142 5527517.10911462
492818.47581845 5527517.15054213
492818.50411907 5527517.15045010
492818.44525683 5527517.09964398
492818.38532711 5527517.10317872
492818.34967127 5527517.09866633
492818.48596338 5527517.13628489
492818.48854857 5527517.10712026
492818.48206182 5527517.17328224
492818.53703005 5527517.18488366
492818.47042137 5527517.09712473
492818.41284749 5527517.11749863
492818.41805691 5527517.14536814
492818.54456206 5527517.14945975
492818.48212897 5527517.18380032
492818.43689058 5527517.08625829
492818.42686690 5527517.20450285
492818.49694867 5527517.08542603
492818.41651856 5527517.12062484
492818.52014488 5527517.14490642
492818.47696368 5527517.11553482
492818.48786970 5527517.15158688
492818.40655876 5527517.15553862
492818.42342948 5527517.08415246
492818.42802143 5527517.17964293
492818.39705170 5527517.16179108
492818.43041168 5527517.12909748
492818.42444396 5527517.06980943
492818.44046085 5527517.15438586
492818.43168212 5527517.09392893
492818.41783156 5527517.20686514
492818.41942361 5527517.18921475
492818.51924276 5527517.07829098
492818.50492857 5527517.11891974
492818.41777191 5527517.11113734
492818.45463250 5527517.23221458
492818.48782682 5527517.07990818
492818.41396495 5527517.11311366
492818.40589715 5527517.08340718
492818.36712385 5527517.14087432
492818.48120144 5527517.06401133
492818.45609777 5527517.07727027
492818.48515159 5527517.15382973
492818.47423409 5527517.20180261
492818.34254909 5527517.14176763
492818.45606708 5527517.11185592
492818.43351286 5527517.16096164
492818.44597280 5527517.16759392
492818.42422847 5527517.18672259
492818.46775754 5527517.10939288
492818.42605453 5527517.09633344
492818.40549331 5527517.17262155
492818.38381112 5527517.13233107
492818.42884857 5527517.02966094
492818.49481250 5527517.11558560
492818.46008272 5527517.12043003
492818.47005719 5527517.11612216
492818.42222013 5527517.07243074
492818.41389858 5527517.17487872
492818.47364690 5527517.11358548
492818.44614890 5527517.11972327
492818.39881321 5527517.12540052
492818.45806750 5527517.16255259
492818.43624559 5527517.00809279
492818.43424697 5527517.15147780
492818.40756499 5527517.16300122
492818.49118374 5527517.14986180
492818.46450671 5527517.16491920
492818.46576210 5527517.16687630
492818.42137175 5527517.07313356
492818.42642231 5527517.11394102
492818.45124513 5527517.13060048
492818.44109088 5527517.14716783
492818.43070351 5527517.08957504
492818.43500228 5527517.07818604
492818.43204042 5527517.14542132
492818.41027227 5527517.18713123
492818.47273559 5527517.11257842
492818.48299115 5527517.16543132
492818.49547387 5527517.14530884
492818.40868856 5527517.22088384
492818.41458673 5527517.14797538
492818.36403400 5527517.04105473
492818.51246119 5527517.09999013
492818.44234296 5527516.97987139
492818.49196718 5527517.14444642
492818.38261678 5527517.11312631
492818.50527669 5527517.15223577
492818.45308098 5527517.10629923
492818.51472927 5527517.23332572
492818.41610207 5527517.07822855
492818.35191345 5527517.20910125
492818.34560232 5527517.14219636
492818.43502436 5527517.16476045
492818.46455504 5527517.09802522
492818.44943096 5527517.13308262
492818.42546978 5527517.22231940
492818.41452319 5527517.12568743
492818.45280573 5527517.17126002
492818.44956422 5527517.08098360
492818.40652569 5527517.13832061
492818.41652353 5527517.13456711
492818.44004864 5527517.15987906
492818.47393992 5527517.12500527
492818.43675089 5527517.14271098
492818.47098672 5527517.16057374
492818.46300474 5527517.10373954
492818.44562375 5527517.20437418
492818.40376658 5527517.11164846
492818.40057642 5527517.13681426
492818.47238887 5527517.10518692
492818.40591945 5527517.09530906
492818.47773128 5527517.11226657
492818.47463097 5527517.16149447
492818.32718699 5527517.19275001
492818.44866647 5527517.17415178
492818.41275219 5527517.14220006
492818.45285574 5527517.15963203
492818.41190487 5527517.22358301
492818.48731264 5527517.09725255
492818.43846575 5527517.16921983
492818.43253991 5527517.11446424
492818.49147070 5527517.11204026
492818.44296599 5527517.14979142
492818.38096953 5527517.19040029
492818.39444690 5527517.11045269
492818.44859265 5527517.16173490
492818.47173517 5527517.16080891
492818.45466403 5527517.19669504
492818.46967694 5527517.14422988
492818.48356061 5527517.16398340
492818.47757708 5527517.12999204
492818.42038618 5527517.04766606
492818.39701829 5527517.12642964
492818.49204945 5527517.15065794
492818.47454667 5527517.15241044
492818.37434144 5527517.11837451
492818.45824985 5527517.13844943
492818.46110644 5527517.17055596
492818.44971557 5527517.18608820
492818.37675154 5527517.08650195
492818.46720463 5527517.15577619
492818.42714891 5527517.11683903
492818.44180710 5527517.17357461
492818.44651771 5527517.09647325
492818.34333587 5527517.15633681
492818.46543320 5527517.20695265
492818.41938963 5527517.13496653
492818.45643924 5527517.17322187
492818.49681768 5527517.12837234
492818.39416064 5527517.18382137
492818.41469816 5527517.14711683
492818.44890745 5527517.21252216
492818.41524161 5527517.04542323
492818.47433247 5527517.14062079
492818.37083262 5527517.11629357
492818.42676136 5527517.11563543
492818.38284148 5527517.15797978
492818.46500741 5527517.15366455
492818.46409143 5527517.14638885
492818.41042543 5527517.20059361
492818.37107254 5527517.12038443
492818.40184592 5527517.15079907
492818.49391913 5527517.14210228
492818.42132672 5527517.15949442
492818.43783431 5527517.18877212
492818.39892907 5527517.11804608
492818.46063636 5527517.13397385
492818.40499142 5527517.08722516
492818.44702434 5527517.05626587
492818.40841728 5527517.07720856
492818.41952320 5527517.17535494
492818.47474479 5527517.08221810
492818.45780762 5527517.18701879
492818.43226978 5527517.08924583
492818.42898940 5527517.16043349
492818.45545815 5527517.11615787
492818.37070714 5527517.11200071
492818.40314257 5527517.14623112
492818.38953409 5527517.07265591
492818.36307228 5527517.08827525
492818.42942050 5527517.14208990
492818.45876212 5527517.12389803
492818.47486813 5527517.20403340
492818.40669170 5527517.16536569
492818.28341421 5527517.15612062
492818.48969489 5527517.14432786
492818.41906138 5527517.12836230
492818.43369309 5527517.21619508
492818.46491070 5527517.13418766
492818.41013109 5527517.19096355
492818.47229248 5527517.19806824
492818.46571782 5527517.17313462
492818.46681281 5527517.17399508
492818.44879571 5527517.15654223
492818.45139116 5527517.18644630
492818.54328102 5527517.11762044
492818.50071169 5527517.14068113
492818.44024358 5527517.11227370
492818.41833977 5527517.07728910
492818.48707078 5527517.14664931
492818.42956994 5527517.10950207
492818.43648559 5527517.10169473
492818.47600386 5527517.20421378
492818.50462721 5527517.13060264
492818.42269307 5527517.12179461
492818.35458422 5527517.17495360
492818.48310275 5527517.05594429
492818.43379588 5527517.14642080
492818.48140330 5527517.19376618
492818.38846821 5527517.20600803
492818.49121486 5527517.19217125
492818.47119403 5527517.12950880
492818.53714272 5527517.17826856
492818.52085325 5527517.19201194
492818.45169033 5527517.14839228
492818.41643793 5527517.17515116
492818.48508491 5527517.11058769
492818.47852754 5527517.12042573
492818.43525620 5527517.16038211
492818.44126502 5527517.17663424
492818.43133534 5527517.09798796
492818.44800079 5527517.13333617
492818.46354632 5527517.17323365
492818.39621022 5527517.14862405
492818.41009218 5527517.08175897
492818.47016543 5527517.15432686
492818.47090188 5527517.11504864
492818.46225040 5527517.17936195
492818.50309221 5527517.17048603
492818.42832682 5527517.06906360
492818.44945312 5527517.15896526
492818.38920253 5527517.14696420
492818.38391995 5527517.09264321
492818.37489476 5527517.16763296
492818.44589325 5527517.14147073
492818.45770993 5527517.16570033
492818.42017872 5527517.18365888
492818.39427977 5527517.10997673
492818.48091089 5527517.17957937
492818.44083102 5527517.19467716
492818.38446181 5527517.08388643
492818.47849912 5527517.10333475
492818.51313677 5527517.15133268
492818.42085717 5527517.18469313
492818.39840230 5527517.11956939
492818.46335196 5527517.04872490
492818.38999823 5527517.09774107
492818.39538004 5527517.11230109
492818.42651101 5527517.13462056
492818.39120210 5527517.07267697
492818.37409446 5527517.14942863
492818.45456893 5527517.09050838
492818.41631622 5527517.15017931
492818.49016646 5527517.11126791
492818.49766816 5527517.13777580
492818.34920450 5527517.11384822
492818.41747170 5527517.12763829
492818.51554298 5527517.08544581
492818.50916907 5527517.12582167
492818.45206406 5527517.06360314
492818.46200334 5527517.07823092
492818.42245807 5527517.13849983
492818.41986766 5527517.16852491
492818.42865755 5527517.22730779
492818.39670457 5527517.16736082
492818.44734249 5527517.06820527
492818.47061548 5527517.18025400
492818.45212176 5527517.04629995
492818.47689489 5527517.16129889
492818.43085037 5527517.13095423
492818.44435927 5527517.16618062
492818.41112759 5527517.20433566
492818.46566067 5527517.20458765
492818.36419408 5527517.22002072
492818.44705991 5527517.14455636
492818.41833634 5527517.15313811
492818.40214474 5527517.19709824
492818.52537467 5527517.19668534
492818.44105197 5527517.17380731
492818.38960595 5527517.18874240
492818.50981681 5527517.19517742
492818.46317476 5527517.16165631
492818.31875873 5527517.17583688
492818.38518723 5527517.14959553
492818.44297899 5527517.11416816
492818.43203154 5527517.23084422
492818.45485116 5527517.15203353
492818.37433635 5527517.18724072
492818.48417785 5527517.17653937
492818.39747258 5527517.17156083
492818.44290812 5527517.11584383
492818.47791014 5527517.02955343
492818.36783310 5527517.15878807
492818.44281364 5527517.20466764
492818.41062585 5527517.09562529
492818.45585844 5527517.22946863
492818.43220946 5527517.10863195
492818.47720270 5527517.09256854
492818.39794172 5527517.17359393
492818.47998656 5527517.15914762
492818.40145734 5527517.04546900
492818.41009492 5527517.15275828
492818.40531989 5527517.17745214
492818.43038397 5527517.13252272
492818.41068561 5527517.21512349
492818.42397161 5527517.13672096
492818.44574897 5527517.17368830
492818.41167104 5527517.15909831
492818.50245971 5527517.13046263
492818.44830313 5527517.15340898
492818.40412904 5527517.11618152
492818.38639006 5527517.15478296
492818.42021800 5527517.15485862
492818.46393365 5527517.10759206
492818.46285520 5527517.10017010
492818.41613854 5527517.16950727
492818.41604612 5527517.13832560
492818.36314203 5527517.19189592
492818.40900014 5527517.15248211
492818.50241630 5527517.11564977
492818.42340638 5527517.11415423
492818.43074992 5527517.12157028
492818.52723637 5527517.08940366
492818.44779209 5527517.14015033
492818.48899503 5527517.17074753
492818.39228915 5527517.21606039
492818.41661402 5527517.13642092
492818.42198450 5527517.04585267
492818.43972786 5527517.12826917
492818.33588500 5527517.18015170
492818.43373393 5527517.10060113
492818.44564573 5527517.15153979
492818.43974876 5527517.19305058
492818.46882947 5527517.14999531
492818.44899535 5527517.15888617
492818.49999468 5527517.13894454
492818.45084587 5527517.16867250
492818.40716144 5527517.15294787
492818.39514579 5527517.17914482
492818.49888822 5527517.22893223
492818.47677800 5527517.19372256
492818.35563864 5527517.16856385
492818.43510496 5527517.14344248
492818.40481738 5527517.17323319
492818.43353534 5527517.17855728
492818.41489295 5527517.08550471
492818.37467509 5527517.14646180
492818.45289388 5527517.15322219
492818.42660983 5527517.18573543
492818.46739319 5527517.18071143
492818.42403274 5527517.13536716
492818.42143840 5527517.11916772
492818.40282353 5527517.15189561
492818.40344763 5527517.13156412
492818.34117794 5527517.21896750
492818.39725493 5527517.19101689
492818.46326032 5527517.08159521
492818.43788857 5527517.12168378
492818.41213321 5527517.09547817
492818.40797053 5527517.12730566
492818.45998044 5527517.09632989
492818.42527762 5527517.11786431
492818.45103463 5527517.07277048
492818.45327397 5527517.16592496
492818.43029709 5527517.16528411
492818.41272888 5527517.15555940
492818.44759058 5527517.18623375
492818.41240465 5527517.14718319
492818.39239490 5527517.09654991
492818.35911648 5527517.07233129
492818.42435184 5527517.14600706
492818.45439131 5527517.13567612
492818.49068132 5527517.12309275
492818.41995528 5527517.15243672
492818.44252540 5527517.12849605
492818.41020570 5527517.04453910
492818.42999700 5527517.14312709
492818.36959531 5527517.10198387
492818.41195128 5527517.08562719
492818.46445031 5527517.11825252
492818.39329673 5527517.10312468
492818.46395396 5527517.08542935
492818.44180606 5527517.12017756
492818.42683507 5527517.10298193
492818.44946516 5527517.21562241
492818.47567525 5527517.22142583
492818.51431781 5527517.13847730
492818.38651771 5527517.12380715
492818.46771179 5527517.13466778
492818.41050977 5527517.10854870
492818.42336180 5527517.11545015
492818.46957290 5527517.17850690
492818.46481110 5527517.16218552
492818.39524178 5527517.16034433
492818.45979051 5527517.11999376
492818.44536136 5527517.13300653
492818.45641043 5527517.13145598
492818.44475434 5527517.15081858
492818.47054273 5527517.15453763
492818.41059966 5527517.14154443
492818.40906661 5527517.08980712
492818.39253394 5527517.14959777
492818.42277076 5527517.20517574
492818.43106142 5527517.14249797
492818.43954455 5527517.11624760
492818.51231943 5527517.12606501
492818.46824664 5527517.21633933
492818.40877243 5527517.17636557
492818.43229727 5527517.20120331
492818.48583980 5527517.13567558
492818.44362680 5527517.11844253
492818.39237543 5527517.20811133
492818.55770107 5527517.10300019
492818.41615777 5527517.09344336
492818.40761610 5527517.16092402
492818.44972379 5527517.15041840
492818.44533811 5527517.12207562
492818.34880058 5527517.18786304
492818.42537575 5527517.12503146
492818.40197834 5527517.18929428
492818.53678539 5527517.17509646
492818.46556761 5527517.13946752
492818.44697742 5527517.13470027
492818.43491838 5527517.17000391
492818.43333934 5527517.10638794
492818.38815304 5527517.20718450
492818.37407390 5527517.15720847
492818.42627052 5527517.12530188
492818.48528941 5527517.15717645
492818.36813620 5527517.08885353
492818.50219177 5527517.18227184
492818.46666168 5527517.20450732
492818.41871141 5527517.13670098
492818.40353114 5527517.17517441
492818.42006941 5527517.09214611
492818.43732799 5527517.14428599
492818.43104731 5527517.12471960
492818.45619722 5527517.12198914
492818.41435029 5527517.16173943
492818.48537432 5527517.13588892
492818.43865389 5527517.11880563
492818.49191531 5527517.21760053
492818.38104124 5527517.13110312
492818.44045040 5527517.21634419
492818.48561905 5527517.09273271
492818.43964542 5527517.08534903
492818.41346773 5527517.15473214
492818.48323887 5527517.15416117
492818.46128926 5527517.12607602
492818.44731922 5527517.13137559
492818.42418420 5527517.10418695
492818.47136912 5527517.14804927
492818.43443623 5527517.05097248
492818.40709795 5527517.18782522
492818.37207332 5527517.13357412
492818.44055355 5527517.08398972
492818.46436088 5527517.10558129
492818.37998097 5527517.11818825
492818.48089636 5527517.15230351
492818.52254523 5527517.10938076
492818.42925660 5527517.16265446
492818.44650529 5527517.18150585
492818.41090089 5527517.13011877
492818.48476803 5527517.16562197
492818.43060601 5527517.16449626
492818.42811105 5527517.05400969
492818.38382397 5527517.13916691
492818.48316374 5527517.07842607
492818.44199401 5527517.08881217
492818.49220114 5527517.23909595
492818.46396454 5527517.12411743
492818.49095657 5527517.18851751
492818.45200338 5527517.21378250
492818.43017944 5527517.15929846
492818.45324586 5527517.08030082
492818.47904501 5527517.09928077
492818.40842816 5527517.09880582
492818.45536278 5527517.23453794
492818.44217398 5527517.13919695
492818.39321566 5527517.16161687
492818.37733087 5527517.22706513
492818.39802265 5527517.18724698
492818.44048968 5527517.18715876
492818.43002695 5527517.11776867
492818.45739333 5527517.26260109
492818.39889358 5527517.18789198
492818.43891316 5527517.17480119
492818.40376860 5527517.13354024
492818.54051410 5527517.10816964
492818.43631451 5527517.15118300
492818.40024514 5527517.17398865
492818.48899239 5527517.19543487
492818.43960354 5527517.14925921
492818.43170869 5527517.17436579
492818.46311916 5527517.19714268
492818.42175308 5527517.14427520
492818.44694981 5527517.17771458
492818.38663587 5527517.16143023
492818.39522492 5527517.10793007
492818.39850220 5527517.14143914
492818.42195214 5527517.12941817
492818.40999120 5527517.14143932
492818.41031062 5527517.14393415
492818.48208482 5527517.11276802
492818.50547058 5527517.14228768
492818.44277604 5527517.12011647
492818.46187606 5527517.13734591
492818.47979576 5527517.14472447
492818.46463771 5527517.10473008
492818.43347186 5527517.17862317
492818.39384058 5527517.15592280
492818.45756876 5527517.16905037
492818.36066258 5527517.17401385
492818.45972780 5527517.11801784
492818.43727074 5527517.06221133
492818.43150691 5527517.16454748
492818.42657820 5527517.20383883
492818.46338000 5527517.17441098
492818.44756548 5527517.16716334
492818.42105308 5527517.12572184
492818.44617510 5527517.17131682
492818.47844193 5527517.17579965
492818.43996406 5527517.14370276
492818.39776610 5527517.20001173
492818.47023130 5527517.04107563
492818.38498309 5527517.15384118
492818.51689413 5527517.16257686
492818.45186701 5527517.13076720
492818.46519088 5527517.09267065
492818.37177602 5527517.14777503
492818.46924465 5527517.17427606
492818.44863848 5527517.07474425
492818.43330293 5527517.17490217
492818.48790247 5527517.15848138
492818.41451591 5527517.16404903
492818.41762892 5527517.18742595
492818.44566180 5527517.12659200
492818.44120412 5527517.21121946
492818.41679382 5527517.14461806
492818.44372106 5527517.18199740
492818.45645760 5527517.23573226
492818.42575343 5527517.08915931
492818.38707193 5527517.13814199
492818.39750699 5527517.16049379
492818.40193884 5527517.13480057
492818.42979654 5527517.16111738
492818.44364857 5527517.14343259
492818.45559735 5527517.15149738
492818.41719847 5527517.13034075
492818.39602022 5527517.18003136
492818.46841039 5527517.15630355
492818.44327801 5527517.12044911
492818.43386339 5527517.07238210
492818.44145347 5527517.12460919
492818.48932630 5527517.17953972
492818.42870002 5527517.13855094
492818.41001704 5527517.16061707
492818.39794729 5527517.17212158
492818.39593011 5527517.11719896
492818.44848982 5527517.14624905
492818.35409525 5527517.14538383
492818.41257930 5527517.10389246
492818.42808597 5527517.12907460
492818.54045859 5527517.15768226
492818.48386606 5527517.12036611
492818.53331663 5527517.15942935
492818.47804147 5527517.19226581
492818.47889942 5527517.12785021
492818.37852091 5527517.08312498
492818.48605416 5527517.18938466
492818.41295611 5527517.16165296
492818.43778631 5527517.13077808
492818.43823463 5527517.15464031
492818.47458043 5527517.12543868
492818.41439905 5527517.16330203
492818.50887282 5527517.05059864
492818.51124438 5527517.11593211
492818.50790544 5527517.05787801
492818.38503407 5527517.15874159
492818.42245885 5527517.23000342
492818.38450675 5527517.10522148
492818.44673322 5527517.11364807
492818.32343561 5527517.09451929
492818.41181141 5527517.18415288
492818.41909535 5527517.07349375
492818.40501478 5527517.17944336
492818.43386982 5527517.11222714
492818.38842491 5527517.16658500
492818.39825855 5527517.14663183
492818.47315233 5527517.13136553
492818.48779708 5527517.19877304
492818.39161397 5527517.08156504
492818.44419981 5527517.10081122
492818.36874543 5527517.13184712
492818.44582844 5527517.19898699
492818.50083945 5527517.15505568
492818.40764137 5527517.14767448
492818.42442068 5527517.16176032
492818.37431544 5527517.12272883
492818.42040572 5527517.18012878
492818.47905695 5527517.15003189
492818.40983750 5527517.12964410
492818.40984618 5527517.19484260
492818.40892155 5527517.21147405
492818.43161318 5527517.16114151
492818.43891334 5527517.13536624
492818.47153545 5527517.15933554
492818.40620540 5527517.20344409
492818.44787541 5527517.18803525
492818.42336548 5527517.09679982
492818.43616784 5527517.08865622
492818.43435550 5527517.16369085
492818.48057502 5527517.19409473
492818.43568008 5527517.14006594
492818.38378315 5527517.13803413
492818.46520212 5527517.16611662
492818.49831856 5527517.13841014
492818.37602636 5527517.18532993
492818.50724859 5527517.16428125
492818.44356382 5527517.15997102
492818.41831409 5527517.12905262
492818.37894113 5527517.13660654
492818.46991899 5527517.15080613
492818.46937637 5527517.16792036
492818.44915258 5527517.18167918
492818.40338467 5527517.11634778
492818.45859654 5527517.10963507
492818.53629256 5527517.15078644
492818.45102864 5527517.07187215
492818.41323479 5527517.11632959
492818.52062255 5527517.14670544
492818.49178731 5527517.14978571
492818.42868085 5527517.14460538
