492813.37819953 5527522.23953394
492813.36647299 5527522.22977033
492813.36600637 5527522.25784219
492813.37134299 5527522.24703265
492813.37662924 5527522.24398252
492813.37909803 5527522.24098162
492813.37297873 5527522.25957454
492813.37466659 5527522.25406870
492813.38419316 5527522.24451528
492813.37296602 5527522.23746335
492813.38071682 5527522.24155434
492813.39077017 5527522.22069868
492813.38892819 5527522.22752304
492813.39225723 5527522.23428396
492813.36948515 5527522.24322090
492813.37675104 5527522.24762903
492813.37078790 5527522.23820221
492813.36952634 5527522.23389898
492813.36390340 5527522.24861561
492813.38763018 5527522.24334011
492813.37315039 5527522.24193680
492813.37628991 5527522.24123224
492813.37305673 5527522.24818908
492813.35919281 5527522.23455181
492813.36150594 5527522.23511708
492813.37765697 5527522.24670971
492813.38898314 5527522.25026589
492813.37365667 5527522.26319208
492813.37947844 5527522.25484677
492813.37148657 5527522.25243007 
492813.32771684 5527517.16763225
492813.31599871 5527517.15401020
492813.32964666 5527517.17016488
492813.33415252 5527517.16368269
492813.31139418 5527517.16915899
492813.33105454 5527517.17001834
492813.31514164 5527517.17995447
492813.30780628 5527517.19160504
492813.31507662 5527517.15666947
492813.32036987 5527517.16706818
492813.31775043 5527517.17042657
492813.31166470 5527517.16193849
492813.32429046 5527517.16376781
492813.33218498 5527517.18158186
492813.33693537 5527517.15207038
492813.31145692 5527517.18873845
492813.32879867 5527517.17523374
492813.32204345 5527517.17677688
492813.33239339 5527517.15509784
492813.32251065 5527517.17641914
492813.32288281 5527517.16759851
492813.30352783 5527517.16651330
492813.30803499 5527517.16806452
492813.30760976 5527517.16649106
492813.31608093 5527517.17501045
492813.32330618 5527517.16137548
492813.32008616 5527517.18073372
492813.32276278 5527517.16504617
492813.33165747 5527517.15679251
492813.32559182 5527517.15888717
492813.20587329 5527511.98553193
492813.20119726 5527511.97708873
492813.20814947 5527511.98530086
492813.22117559 5527511.98037232
492813.19350395 5527511.97471771
492813.18702638 5527511.97254942
492813.20189051 5527511.97595985
492813.21782656 5527511.97419546
492813.18621971 5527511.96284819
492813.19352203 5527511.97759004
492813.20065793 5527511.98387488
492813.22085126 5527511.96742774
492813.19860537 5527511.99300003
492813.19627892 5527511.98941347
492813.19378333 5527511.97489012
492813.20698865 5527511.95736883
492813.21021005 5527511.97159521
492813.18113523 5527511.97380349
492813.20008990 5527511.97657116
492813.20531736 5527511.97247073
492813.22334167 5527511.98743642
492813.18691409 5527511.96845520
492813.19993696 5527511.96807688
492813.21617185 5527511.98120929
492813.20016519 5527511.98268102
492813.19315356 5527511.98280238
492813.21332536 5527511.97238960
492813.19536864 5527511.97741567
492813.21091526 5527511.96783965
492813.19761845 5527511.96798663
492818.34041381 5527512.09024998
492818.35144129 5527512.07830861
492818.33129567 5527512.08505726
492818.31481716 5527512.06946166
492818.32463992 5527512.06803627
492818.32850493 5527512.06742729
492818.34174329 5527512.07087433
492818.33219205 5527512.08297675
492818.33515330 5527512.07750459
492818.32502318 5527512.08675373
492818.31407639 5527512.07533276
492818.32783592 5527512.08713864
492818.33842321 5527512.06749178
492818.33195283 5527512.09882406
492818.34840702 5527512.06334018
492818.33348179 5527512.07066281
492818.32884700 5527512.09418161
492818.34121565 5527512.08972337
492818.35177415 5527512.08295846
492818.33638843 5527512.09524407
492818.34128363 5527512.09202630
492818.33665413 5527512.07030400
492818.32563141 5527512.07114183
492818.34824096 5527512.05928055
492818.33611363 5527512.07889885
492818.35000596 5527512.07176891
492818.34007263 5527512.07780717
492818.35044162 5527512.07781117
492818.33709859 5527512.08835990
492818.33690734 5527512.08925096
492818.51869442 5527517.16757042
492818.52582820 5527517.16969775
492818.51814817 5527517.15705681
492818.48816743 5527517.17452291
492818.49183416 5527517.16720177
492818.51897014 5527517.17789241
492818.50102330 5527517.16888970
492818.51193599 5527517.17403136
492818.50694936 5527517.16883501
492818.50708830 5527517.16349402
492818.50278250 5527517.16153197
492818.50874749 5527517.16813132
492818.48878670 5527517.16674112
492818.52250346 5527517.16052989
492818.49051072 5527517.18654190
492818.49691399 5527517.18927014
492818.51531533 5527517.17139637
492818.51999115 5527517.15579054
492818.51399421 5527517.16756423
492818.48819925 5527517.16252725
492818.51640163 5527517.17466331
492818.49097721 5527517.15746378
492818.52276679 5527517.16917182
492818.51692779 5527517.17435740
492818.50619388 5527517.15293317
492818.51781514 5527517.17665333
492818.49189505 5527517.16129537
492818.51783481 5527517.17697926
492818.49185563 5527517.16722652
492818.50156278 5527517.15479993
492818.43527666 5527522.06908300
492818.42151110 5527522.06507915
492818.43086827 5527522.07312915
492818.42575979 5527522.06278350
492818.43350506 5527522.05477633
492818.43830162 5527522.05536402
492818.44251146 5527522.06735470
492818.42104875 5527522.05536687
492818.42920366 5527522.07729550
492818.41789097 5527522.06397493
492818.41858765 5527522.06745946
492818.45251739 5527522.05810128
492818.41264043 5527522.06452549
492818.41597254 5527522.06332425
492818.40950497 5527522.06280951
492818.43453535 5527522.04417144
492818.44740550 5527522.06064276
492818.43055912 5527522.05390751
492818.42567429 5527522.05927391
492818.42058008 5527522.05765106
492818.40077676 5527522.05800662
492818.43406315 5527522.07215282
492818.43246983 5527522.04586828
492818.42222308 5527522.05717519
492818.42381710 5527522.05260574
492818.42859762 5527522.04788741
492818.44300346 5527522.08452524
492818.42739225 5527522.05941576
492818.42200176 5527522.05998369
492818.42712917 5527522.05760007
