492818.55568847 5527517.02730885
492818.17295157 5527517.54618547
492818.55386879 5527517.10550179
492818.35328214 5527516.75128684
492818.52303172 5527517.09194785
492818.55388563 5527517.32308132
492818.76733756 5527516.89271249
492818.20973119 5527517.11020064
492818.35527256 5527517.08985325
492818.16885491 5527517.02466492
492818.35235393 5527517.18336316
492818.18297616 5527516.85443655
492818.72044878 5527517.37194816
492818.27724827 5527516.93529524
492818.40544706 5527516.76789820
492818.34487691 5527516.88727300
492818.72086837 5527517.30825168
492818.60799648 5527516.87083232
492818.52368043 5527516.89586387
492818.34973663 5527517.35782112
492818.42462307 5527517.22795810
492818.51249898 5527517.48534444
492818.68160906 5527517.21477121
492818.58123620 5527516.98310974
492818.93918673 5527517.11147878
492818.30361300 5527517.44301509
492818.58491938 5527517.04661279
492818.48228790 5527517.00088686
492818.06874290 5527517.18335944
492818.35838439 5527517.28266283
492818.53709427 5527517.10947780
492818.42343156 5527516.98564008
492818.69384146 5527517.19453504
492818.18879886 5527516.74413657
492818.57345500 5527517.00472200
492818.42322594 5527517.07374357
492818.48623269 5527517.21137999
492818.53002630 5527516.97089139
492818.54217964 5527517.30986754
492818.79453179 5527517.24640300
492818.36055301 5527516.75709792
492818.48925366 5527516.94180156
492818.28537460 5527517.32932909
492818.87749185 5527516.95951157
492818.05216074 5527517.07848578
492818.61508890 5527516.99825590
492818.22245032 5527516.88260260
492818.53232958 5527517.09362927
492818.27305423 5527517.08091559
492818.07325310 5527516.98542001
492818.39290860 5527517.14584619
492818.49723179 5527517.61542405
492818.41088044 5527517.10427004
492818.71403526 5527517.16061002
492818.66578177 5527516.91539246
492818.65136512 5527516.89448756
492818.46796963 5527517.03128183
492818.38331076 5527516.79961957
492818.75996832 5527517.59483467
492818.13421249 5527517.21338085
492818.57827809 5527516.99733941
492818.26803863 5527517.08385740
492818.43529759 5527516.95090659
492818.28484249 5527517.13974957
492818.39392420 5527516.85642783
492818.62155497 5527517.44993536
492818.39388146 5527517.22049604
492818.39419019 5527517.17517058
492818.42944161 5527516.91952779
492818.53542029 5527516.75194546
492818.34712250 5527517.11660931
492817.80860359 5527517.02549390
492818.46260337 5527516.91897500
492818.73497459 5527517.12726085
492818.49697901 5527517.44436148
492818.54161467 5527517.26135553
492818.59249037 5527517.10416832
492818.16023774 5527516.94176026
492818.71864075 5527516.87290318
492818.44053880 5527517.20289896
492818.15953055 5527517.07913817
492818.43769406 5527517.49049756
492818.42038348 5527516.91052082
492818.45558721 5527517.31598241
492818.24538691 5527517.14258285
492818.45262359 5527517.46682604
492818.41871128 5527517.03678528
492818.19122035 5527516.94573642
492818.80476186 5527516.96714656
492818.52090192 5527516.95184037
492818.63421861 5527517.25858511
492818.63866154 5527517.27003928
492818.35136882 5527516.88543705
492818.42882993 5527517.02635781
492818.59325612 5527517.06985951
492818.45066429 5527517.02943555
492818.32008425 5527517.40767754
492818.69031203 5527517.37951028
492818.66971094 5527517.15346020
492818.38858329 5527516.82300279
492818.75553944 5527517.24082666
492818.54277633 5527517.03683186
492818.52008776 5527517.16872231
492818.53714246 5527517.01363260
492818.64926411 5527517.28040291
492818.43607951 5527517.14745555
492818.24719086 5527517.45633494
492818.66816879 5527517.35274583
492818.50349165 5527517.05405148
492818.66957596 5527516.97040185
492818.58804816 5527517.41829010
492818.51967717 5527517.12158371
492818.43100831 5527516.99132955
492818.92845074 5527517.16068746
492818.36447100 5527516.98049046
492818.46176071 5527517.59327777
492818.79160183 5527516.67094690
492818.42309369 5527517.00087806
492818.46010527 5527517.22936907
492818.58883214 5527517.53812159
492818.39456848 5527517.48579363
492818.65810444 5527516.93215685
492818.39826931 5527516.89862241
492818.04118288 5527517.07127841
492818.47488095 5527517.09366465
492818.36139574 5527517.33944893
492817.99064629 5527516.93949661
492818.35689484 5527517.39055116
492818.89213225 5527517.05779105
492818.25535212 5527517.09900196
492818.12913457 5527517.25001220
492818.69520059 5527516.93089462
492818.33453081 5527517.04083942
492818.56120818 5527517.07527112
492818.27753152 5527517.13147441
492818.68391302 5527517.23294861
492818.25747509 5527516.94974107
492818.65114729 5527517.14744348
492818.04670062 5527517.14938861
492818.49792500 5527517.26687391
492818.76667801 5527517.62210194
492818.55197093 5527517.29611291
492818.65377075 5527517.21580671
492818.30824090 5527517.00233902
492818.37948915 5527517.28649299
492818.20580399 5527516.96530938
492818.57161033 5527516.82844147
492818.34318588 5527517.24869047
492818.47956235 5527517.36754057
492818.43245413 5527517.09715081
492818.53219988 5527517.21815020
492818.36416494 5527517.12989104
492818.22152840 5527517.08775599
492818.48780019 5527517.27606108
492818.30151614 5527517.21817121
492818.14245838 5527517.03022172
492818.60880333 5527517.41550611
492818.18871093 5527517.15027464
492818.36794297 5527516.86691113
492818.24421280 5527516.92191108
492818.27010706 5527517.44796895
492818.61207328 5527516.93282212
492818.54379143 5527517.27093376
492818.38677265 5527516.96608572
492818.53771413 5527517.34795583
492818.49010447 5527517.49276878
492818.48338844 5527517.13336879
492818.31197270 5527517.32827208
492818.43716916 5527517.45366975
492818.57040467 5527517.11016699
492818.37312612 5527516.99447514
492818.43486286 5527516.87119404
492818.43152708 5527517.11796833
492818.42532282 5527517.17281982
492818.29991733 5527517.15003175
492818.53013382 5527517.25401965
492818.48081605 5527516.88495525
492818.33851468 5527517.01158414
492818.25369793 5527517.02867456
492818.25061632 5527517.11943490
492818.33537508 5527517.07155012
492818.24480759 5527516.73561899
492818.57499290 5527517.43460267
492818.16210234 5527517.56490187
492818.66314342 5527517.38608640
492818.70156816 5527517.14712331
492818.41372574 5527517.16213189
492818.58825097 5527516.93349304
492818.23681750 5527517.25860048
492818.39712753 5527517.13388985
492818.57181737 5527517.09596860
492818.66546637 5527517.21916855
492818.47406694 5527516.80551262
492818.16885836 5527517.01595021
492818.47060025 5527516.95028680
492818.34278691 5527517.20882450
492818.40666130 5527517.47843391
492818.56286534 5527517.11173331
492818.34212123 5527517.20966879
492818.35861547 5527517.44819074
492818.41228008 5527517.30916838
492818.32761797 5527517.30299317
492818.47135652 5527517.16528706
492818.48444124 5527517.07486756
492818.44374226 5527517.42451830
492818.19576087 5527517.16085048
492818.39803355 5527517.08791937
492818.37785981 5527516.93762367
492818.16275487 5527517.31398463
492818.33731493 5527517.03698809
492818.32863224 5527517.08217199
492818.38621737 5527517.11000973
492818.77554714 5527517.16207760
492818.49512717 5527517.12910049
492818.52616310 5527516.97485268
492818.34786179 5527517.34727216
492818.26995621 5527517.41392634
492818.61390310 5527516.92750426
492818.38456874 5527517.11239104
492818.54262676 5527517.50534208
492818.53409953 5527517.19319294
492818.62263683 5527516.72664397
492817.95906841 5527517.21456874
492818.55096972 5527516.83219394
492818.23623516 5527517.12615910
492818.42664173 5527516.94829066
492818.27806260 5527517.15657423
492818.44512140 5527517.08915912
492818.39666796 5527517.58523117
492818.23197087 5527516.78734461
492818.19961999 5527517.27079779
492818.67969154 5527517.15337536
492818.22800277 5527517.07796693
492818.57658359 5527517.11820427
492818.44359432 5527517.05162312
492818.65821729 5527516.82483838
492818.36389192 5527517.08560612
492818.55947381 5527517.17892899
492818.76553027 5527517.46952824
492818.22852064 5527516.78693752
492818.53627188 5527517.18168705
492818.30070970 5527517.20002877
492818.21599282 5527517.16653639
492818.65383639 5527517.43720260
492818.22665232 5527517.03174239
492818.52040329 5527517.04279043
492818.55688029 5527517.52365403
492818.62236394 5527517.39399283
492818.26853253 5527516.92331656
492818.24362472 5527517.19217550
492818.33752503 5527517.33554108
492818.27646614 5527517.28192634
492818.29316338 5527517.27684050
492818.33717585 5527517.04460907
492818.90901582 5527516.90870683
492818.48869797 5527517.29908854
492818.46765774 5527517.01760900
492818.46738100 5527516.97187533
492818.15547785 5527517.01860022
492818.32589483 5527517.05528174
492818.59927037 5527517.19441273
492818.32718088 5527516.99137344
492818.68790178 5527516.94064384
492818.59639377 5527516.89837272
492818.50642396 5527517.16741190
492818.22824350 5527516.97325864
492818.37244970 5527516.98602815
492818.55584860 5527517.64035224
492818.11856363 5527517.13995624
492818.53210823 5527517.39030614
492818.40000966 5527517.21028252
492818.15094818 5527517.12960047
492818.57036225 5527517.30979652
492818.31144781 5527517.36657636
492818.43158552 5527517.13722964
492818.31555878 5527517.04227966
492818.44411447 5527516.93422090
492818.54129659 5527517.16677489
492818.31134410 5527517.20729799
492818.28075149 5527517.38220055
492818.59078337 5527517.07851101
492818.18105772 5527516.82768271
492818.49160647 5527517.19628740
492818.22075850 5527517.09637263
492818.50003270 5527517.30037912
492818.58542524 5527517.17534597
492818.40952509 5527517.17820849
492818.48595778 5527516.78591507
492818.30775782 5527517.49439376
492818.45842278 5527517.29908611
492818.61807256 5527517.24088447
492818.11288862 5527517.14409226
492818.63697871 5527516.84444739
492818.62903441 5527517.29951127
492818.52163706 5527517.09264017
492818.64596551 5527517.17719897
492818.32651293 5527516.80917746
492818.78962105 5527517.12344669
492818.42228455 5527517.07432222
492818.29581708 5527517.10760169
492818.24293055 5527517.21947083
492818.19752622 5527517.31816555
492818.19848238 5527517.10568427
492818.41580342 5527517.14873398
492818.00209040 5527516.93510422
492818.10866183 5527516.86924473
492818.58903406 5527516.90293556
492818.31635704 5527517.26064406
492818.16655760 5527517.09714197
492818.52772832 5527516.91065321
492818.55827947 5527516.96237232
492818.68613102 5527517.12880158
492818.43449041 5527516.82931055
492818.76980913 5527516.99200257
492818.51240326 5527516.97772459
492818.49160011 5527517.00429418
492818.37237274 5527517.22220421
492818.47211467 5527517.22641047
492818.15052164 5527517.16234788
492817.98727435 5527517.55689228
492818.06660293 5527517.26943991
492818.65408388 5527517.15689475
492818.46299753 5527517.13631885
492818.26368125 5527516.93414049
492818.72059831 5527517.37896234
492818.37303719 5527517.38707289
492818.26429461 5527517.26890942
492818.04703175 5527517.02257546
492818.62254791 5527517.03890720
492818.24561504 5527516.76794450
492818.53616774 5527517.18797011
492818.07464900 5527517.35693027
492818.64698870 5527517.07203634
492818.23295219 5527517.23142630
492818.26628699 5527517.03813724
492818.79831654 5527517.11231548
492818.63478318 5527516.89438889
492818.79665693 5527517.15375948
492818.45214047 5527517.04655147
492818.50541634 5527517.62071889
492818.39910168 5527517.34988133
492818.65448572 5527517.49904981
492818.29496704 5527517.46939783
492818.18911724 5527517.15348375
492818.56616549 5527517.11334244
492818.69739703 5527516.98151867
492818.24365182 5527516.74695070
492818.48321521 5527516.93941996
492818.15836091 5527516.85944205
492818.57828911 5527517.23394895
492818.02384081 5527517.14548723
492818.52292963 5527517.16158937
492818.57768035 5527517.49727971
492818.21231305 5527517.15778556
492818.32493278 5527517.46680607
492818.09045483 5527517.37071214
492818.69589291 5527517.22231311
492818.11004448 5527516.85827292
492818.26018735 5527517.31488999
492818.62335340 5527517.10805547
492818.41770761 5527517.46695126
492818.60064763 5527517.10351310
492818.68595889 5527517.03776815
492818.26715823 5527516.84771428
492818.65042959 5527517.18183752
492818.44819477 5527517.22090694
492818.48301357 5527516.89918901
492818.31419387 5527516.99140838
492818.30002660 5527516.87240700
492818.95524275 5527516.98747630
492818.50446048 5527517.11850244
492818.54658422 5527516.98667726
492818.27850144 5527517.23255742
492818.55287859 5527516.74464939
492818.27384595 5527517.14941110
492818.45388385 5527517.25390070
492818.48612866 5527517.37255710
492818.10216149 5527517.55342998
492818.17551141 5527517.08005036
492818.54897278 5527517.07394932
492818.61211236 5527516.99456834
492818.37936799 5527516.79752871
492818.23644760 5527517.01333109
492818.50991060 5527517.50983229
492818.15717387 5527517.36920100
492818.52090441 5527516.96909183
492818.38213308 5527517.16034291
492818.41765183 5527517.04935682
492818.54713757 5527517.29852328
492818.68751361 5527517.25291497
492818.37502657 5527517.08782891
492818.63911719 5527516.85145390
492818.34831115 5527517.29319747
492818.43711711 5527517.26948376
492818.92614852 5527517.61512744
492818.64082694 5527517.16079583
492818.36942683 5527516.94590626
492818.22458340 5527516.95485945
492818.35624164 5527516.84553972
492818.25217905 5527517.07654629
492818.60493346 5527516.97167298
492818.24225406 5527517.18886794
492818.73045536 5527516.99199599
492818.55861569 5527517.01707545
492818.43635364 5527517.38456564
492818.42021188 5527517.55968751
492818.43922999 5527517.37025860
492818.22027336 5527517.50523755
492818.28964230 5527516.94306275
492818.26983848 5527516.76487282
492818.00388322 5527517.10564771
492818.28989375 5527517.26155690
492818.76502964 5527517.23886734
492818.23968321 5527517.16134925
492818.83344963 5527517.39018669
492818.27910797 5527517.47088113
492818.47085812 5527517.39626325
492818.88696667 5527517.50510623
492818.57300382 5527517.30358818
492818.10603460 5527517.10891035
492818.62372392 5527516.96449527
492818.81316474 5527517.19184420
492818.40532442 5527516.89261967
492818.09881064 5527516.86741401
492818.39857555 5527516.77935749
492818.87545107 5527517.19680567
492818.26965716 5527517.10223178
492818.20601131 5527517.18257144
492818.30278148 5527517.10297862
492818.92661200 5527517.58395318
492818.75171488 5527517.54015851
492818.33299276 5527517.20559325
492818.44008477 5527516.78139218
492818.48416821 5527516.84595834
492818.26600391 5527517.43869924
492818.29291916 5527517.19838631
492818.40295601 5527517.12219786
492818.36333736 5527517.02135595
492818.45895036 5527517.26792105
492818.53122973 5527517.09153849
492818.15679140 5527517.30509853
492818.57989598 5527517.29436184
492818.20163930 5527517.45497775
492818.12524934 5527517.32421448
492818.48366914 5527517.43123418
492818.37214959 5527517.06506011
492818.64960143 5527517.01488057
492818.70315292 5527516.59844554
492818.45870653 5527517.10493934
492818.43614390 5527516.91021848
492818.74375164 5527516.87104915
492818.15939369 5527517.06648696
492818.32366574 5527517.28251018
492817.91852315 5527517.04003203
492818.65941588 5527517.22403683
492818.52588158 5527517.28536242
492818.20867133 5527517.50498264
492818.27818260 5527517.18582051
492818.57923432 5527516.63551016
492818.42020560 5527517.11110304
492818.26857170 5527517.36777111
492818.52674236 5527517.29414964
492818.55619656 5527517.04944164
492818.41035294 5527516.94359997
492817.96922474 5527517.27972337
492818.39687717 5527517.29975384
492818.63648578 5527517.28481434
492818.49139464 5527516.96467182
492818.73818002 5527517.07483098
492819.11856942 5527517.29887593
492818.83189230 5527517.61300423
492818.21163527 5527517.14469762
492818.37562442 5527517.19532073
492818.69229884 5527517.26013889
492818.35669681 5527517.62766282
492818.51717312 5527517.10564563
492818.03832615 5527517.35813673
492818.55417598 5527517.36055283
492818.60458005 5527517.05915340
492818.49111325 5527516.62245218
492818.47373665 5527517.14609849
492818.65062395 5527517.13761567
492818.57935112 5527517.20971920
492818.50424330 5527517.30659286
492818.50794244 5527517.56638878
492818.36976809 5527517.22020014
492818.39888079 5527517.26238631
492818.19162668 5527517.28811378
492818.60253148 5527517.12421362
492818.10394022 5527517.32038456
492818.77025993 5527517.17266053
492818.27206486 5527517.38021601
492818.12063716 5527516.85645870
492818.37119142 5527517.26246373
492818.07574679 5527517.08010318
492818.46446376 5527516.70580251
492818.59785850 5527517.25899749
492818.54044373 5527517.27456510
492818.30088493 5527517.28243204
492818.40465692 5527517.09322480
492818.26326316 5527517.24670988
492818.33490651 5527516.99607474
492818.35603975 5527516.97969301
492818.55658689 5527517.02711376
492818.54829035 5527517.27658555
492818.68551562 5527517.08994441
492818.48897426 5527516.94911858
492818.30707989 5527517.32440334
492818.25054495 5527517.50257000
492818.53378339 5527517.43301818
492818.60221267 5527516.85393459
492818.46908395 5527517.00816208
492818.72202539 5527517.07202555
492818.67350304 5527516.92582822
492818.69072953 5527517.05163436
492818.16316963 5527517.44585155
492818.71657843 5527516.90146511
492818.40925430 5527517.03700207
492818.69262892 5527517.01279970
492818.27732997 5527517.19005919
492818.20124056 5527517.39781590
492817.95383997 5527516.94628441
492818.19198494 5527516.88900367
492818.59432884 5527517.09636276
492818.18310347 5527517.27324312
492818.46194784 5527517.52981295
492818.23536172 5527517.12735245
492818.30078572 5527517.17670903
492818.61106921 5527517.13042220
492818.04502342 5527517.00828469
492818.48760907 5527517.06404801
492818.54983735 5527517.19710293
492818.55426005 5527516.86034649
492818.49984060 5527517.25868156
492818.50755919 5527517.36585517
492818.68990828 5527517.08484746
492818.71203504 5527516.88942242
492818.15884576 5527517.21025665
492818.59929700 5527517.08809247
492818.41503013 5527516.96076302
492818.27759326 5527517.03994858
492818.35219987 5527517.08066421
492818.58979262 5527517.33240580
492818.41663951 5527517.06198729
492818.31350200 5527516.81688483
492818.18728032 5527517.43285439
492818.61592085 5527517.41500267
492818.46622338 5527517.23561172
492818.60014606 5527517.12463421
492818.47342144 5527517.12068421
492818.29730104 5527517.44691063
492818.52489532 5527517.11385986
492817.95321793 5527516.91594314
492818.60072317 5527516.95306360
492818.16613842 5527516.69748486
492818.53518104 5527517.16339681
492818.48405124 5527516.91747657
492818.42672394 5527517.15604905
492818.43418618 5527517.16170073
492817.97797989 5527517.20517841
492818.48218620 5527517.60269917
492818.71002377 5527517.11351889
492818.31453495 5527517.12323734
492818.70687136 5527516.89348049
492818.23208842 5527516.94503667
492818.38185412 5527517.30115477
492818.46514663 5527517.17164655
492818.32461230 5527517.37551879
492818.23848354 5527516.74607838
492818.44195268 5527517.60307451
492818.33689587 5527516.99909210
492818.30644060 5527517.08144242
492818.49521476 5527516.94335019
492818.07839350 5527517.31109732
492818.35586933 5527517.09971098
492818.74438740 5527517.37322135
492818.04337421 5527517.04106795
492817.85249129 5527516.86802867
492818.42799383 5527517.03086432
492818.45330572 5527517.02843323
492818.52958940 5527517.10589410
492818.55973627 5527517.13566529
492818.34582091 5527516.91118833
492818.60174947 5527517.34461242
492818.51453635 5527517.22875525
492818.50022437 5527516.80152844
492818.44301898 5527517.04278888
492818.59905649 5527516.74609512
492818.38597700 5527517.09691585
492818.39360126 5527517.06017483
492818.44553112 5527517.25154269
492818.49463750 5527516.95335013
492818.09868585 5527516.95583844
492818.40146505 5527517.17157432
492818.60449939 5527516.73981633
492818.93491149 5527517.13554675
492818.48714362 5527516.87062276
492818.00292817 5527516.78722734
492818.70512756 5527517.30368371
492818.21349493 5527517.24804799
492818.50081533 5527517.08691208
492818.56162019 5527517.37957985
492818.63006632 5527517.10524740
492818.16641694 5527517.09931402
492818.27430484 5527517.16572152
492818.52679440 5527517.31785800
492818.34028234 5527517.03750588
492818.57464592 5527516.98539871
492818.33994837 5527517.29775917
492818.46622489 5527516.95742644
492818.48523615 5527517.40949066
492818.45472872 5527517.15649155
492818.36367495 5527517.20018223
492818.47367847 5527517.18451680
492818.27825106 5527517.35451480
492818.44657206 5527517.14307606
492818.45540808 5527517.40214832
492818.57891928 5527517.26912317
492818.67699436 5527517.06598515
492818.33701329 5527516.91876928
492818.25266917 5527516.98499006
492818.18559134 5527517.26009013
492818.23299781 5527517.06436451
492818.69719480 5527516.85721342
492818.58395248 5527517.43811210
492818.28620837 5527517.17930324
492818.35718125 5527517.20855765
492818.71740606 5527517.08615032
492818.54785113 5527516.93413426
492818.31004572 5527516.81232891
492818.73116746 5527517.16927194
492818.66035724 5527517.50741003
492818.35227009 5527517.37508502
492818.42015261 5527517.18452414
492818.71345335 5527517.29680090
492818.57950457 5527517.18493727
492818.46219522 5527516.99931074
492818.55611810 5527516.99691267
492818.41594083 5527517.38649726
492818.27968830 5527516.70849089
492818.60472859 5527517.22858457
492818.38238383 5527516.95940760
492818.63901658 5527517.37113417
492818.52823609 5527517.31472898
492818.50465500 5527517.11573425
492818.48797105 5527517.30136852
492818.61844653 5527517.10402239
492818.63743839 5527516.86070097
492818.40593610 5527516.85546146
492818.61165397 5527516.72132987
492818.59107472 5527517.30729484
492817.99396758 5527517.42912891
492818.37655334 5527516.93978303
492818.38888116 5527517.28230524
492818.13298547 5527517.01136354
492818.31632465 5527516.83265235
492818.43743062 5527516.79999563
492818.40278892 5527517.16524445
492818.35855253 5527516.90080098
492818.48340842 5527517.22734810
492818.40375303 5527517.23164887
492818.24216356 5527517.09509956
492818.08806860 5527517.34252063
492818.31502347 5527517.08715277
492818.44220500 5527517.47900775
492818.63422564 5527516.96181508
492818.60341165 5527517.67056167
492818.44541642 5527517.39345215
492818.32378023 5527517.58178302
492818.63632089 5527517.37534240
492818.27276687 5527516.88113297
492818.50280266 5527517.05176060
492818.41026997 5527517.42173929
492818.23612824 5527516.89983490
492818.38983582 5527516.74444044
492818.45064530 5527516.95468390
492818.84706532 5527517.06474897
492818.67463011 5527517.16554651
492818.35356663 5527517.07566916
492818.46117946 5527517.23549035
492818.40525990 5527516.96635130
492818.50573131 5527517.33971718
492818.55640006 5527517.19304073
492818.21909229 5527517.12371305
492818.35609571 5527517.14192840
492818.42597048 5527516.70627977
492818.30196848 5527517.25730253
492818.22365390 5527517.18819038
492818.54702626 5527517.44129440
492818.32770462 5527517.44553262
492818.46294079 5527517.50010079
492818.00050278 5527517.19580571
492818.95426741 5527517.08259514
492818.55378369 5527517.33027943
492818.24203054 5527517.23186939
492819.06157057 5527517.05370014
492818.56353087 5527517.06784254
492818.52464482 5527516.86850287
492818.56862280 5527517.12567904
492818.27297319 5527517.04341293
