536680.21574361 4816531.86846923
536680.21675261 4816531.68337215
536680.21675261 4816531.68337215
536680.08100464 4816531.86773474
536680.21574361 4816531.86846923
536680.21574361 4816531.86846923
536680.21574361 4816531.86846923
536680.35048257 4816531.86920372
536680.35048257 4816531.86920372
536680.35048257 4816531.86920372
536680.35048257 4816531.86920372
536680.35048257 4816531.86920372
536680.35048257 4816531.86920372
536680.35048257 4816531.86920372
536680.21574361 4816531.86846923
536679.67476978 4816532.23572544
536679.54103981 4816532.04989389
536679.54103981 4816532.04989389
536679.54103981 4816532.04989389
536679.67577877 4816532.05062837
536679.67577877 4816532.05062837
536679.54103981 4816532.04989389
536679.54103981 4816532.04989389
536679.54103981 4816532.04989389
536679.54103981 4816532.04989389
536679.40630085 4816532.04915941
536679.54003082 4816532.23499096
536679.40529187 4816532.23425649
536679.54003082 4816532.23499096
536679.54003082 4816532.23499096
536679.54103981 4816532.04989389
536679.54103981 4816532.04989389
536679.67577877 4816532.05062837
536679.67577877 4816532.05062837
536679.54103981 4816532.04989389
536679.67476978 4816532.23572544
536679.67476978 4816532.23572544
536679.67476978 4816532.23572544
536679.67577877 4816532.05062837
536679.67577877 4816532.05062837
536679.67577877 4816532.05062837
536679.67577877 4816532.05062837
536679.67476978 4816532.23572544
536679.67476978 4816532.23572544
536679.81051773 4816532.05136285
536679.81051773 4816532.05136285
536679.81051773 4816532.05136285
536679.67678776 4816531.86553129
536679.67678776 4816531.86553129
536679.67678776 4816531.86553129
536679.67678776 4816531.86553129
536679.67678776 4816531.86553129
536679.67678776 4816531.86553129
536679.67678776 4816531.86553129
536679.67678776 4816531.86553129
536679.67678776 4816531.86553129
536679.67678776 4816531.86553129
536679.67678776 4816531.86553129
536679.67678776 4816531.86553129
536679.67678776 4816531.86553129
536679.67678776 4816531.86553129
536679.67678776 4816531.86553129
536679.67678776 4816531.86553129
536679.67678776 4816531.86553129
536679.67678776 4816531.86553129
536679.67577877 4816532.05062837
536679.54103981 4816532.04989389
536679.54003082 4816532.23499096
536679.54103981 4816532.04989389
536679.67577877 4816532.05062837
536679.67577877 4816532.05062837
536679.54103981 4816532.04989389
536679.54103981 4816532.04989389
536679.54103981 4816532.04989389
536679.54103981 4816532.04989389
536679.54103981 4816532.04989389
536679.54103981 4816532.04989389
536679.54204879 4816531.86479681
536679.54204879 4816531.86479681
536679.54204879 4816531.86479681
536679.67678776 4816531.86553129
536679.54204879 4816531.86479681
536679.54103981 4816532.04989389
536679.54103981 4816532.04989389
536679.54103981 4816532.04989389
536679.67678776 4816531.86553129
536679.67577877 4816532.05062837
536679.67577877 4816532.05062837
536679.67577877 4816532.05062837
536679.67577877 4816532.05062837
536679.67577877 4816532.05062837
536679.81051773 4816532.05136285
536679.81051773 4816532.05136285
536679.67577877 4816532.05062837
536679.81051773 4816532.05136285
536679.81051773 4816532.05136285
536679.81051773 4816532.05136285
536679.67577877 4816532.05062837
536679.80950873 4816532.23645992
536679.81051773 4816532.05136285
536679.81051773 4816532.05136285
536679.81051773 4816532.05136285
536679.81051773 4816532.05136285
536679.81051773 4816532.05136285
536679.81051773 4816532.05136285
536679.81051773 4816532.05136285
536679.81051773 4816532.05136285
536679.81152672 4816531.86626577
536679.81152672 4816531.86626577
536679.81152672 4816531.86626577
536679.81152672 4816531.86626577
536679.81152672 4816531.86626577
536679.94626568 4816531.86700025
536679.94525668 4816532.05209733
536679.94525668 4816532.05209733
536679.94626568 4816531.86700025
536679.94626568 4816531.86700025
536680.08100464 4816531.86773474
536680.08100464 4816531.86773474
536680.08100464 4816531.86773474
536680.07999564 4816532.05283182
536679.94525668 4816532.05209733
536679.94525668 4816532.05209733
536680.07898664 4816532.23792890
536679.94424769 4816532.23719441
536679.80849974 4816532.42155700
536679.80849974 4816532.42155700
536679.80849974 4816532.42155700
536679.80849974 4816532.42155700
536679.80849974 4816532.42155700
536679.80849974 4816532.42155700
536679.80849974 4816532.42155700
536679.67376079 4816532.42082252
536679.67476978 4816532.23572544
536679.67476978 4816532.23572544
536679.80950873 4816532.23645992
536679.80950873 4816532.23645992
536679.80950873 4816532.23645992
536679.81051773 4816532.05136285
536679.81051773 4816532.05136285
536679.81051773 4816532.05136285
536679.81051773 4816532.05136285
536679.81051773 4816532.05136285
536679.81152672 4816531.86626577
536679.81152672 4816531.86626577
536679.81152672 4816531.86626577
536679.81152672 4816531.86626577
536679.94626568 4816531.86700025
536679.94626568 4816531.86700025
536679.94626568 4816531.86700025
536679.94525668 4816532.05209733
536679.94525668 4816532.05209733
536679.94424769 4816532.23719441
536679.80950873 4816532.23645992
536679.80950873 4816532.23645992
536679.67476978 4816532.23572544
536679.67476978 4816532.23572544
536679.67476978 4816532.23572544
536679.67476978 4816532.23572544
536679.67476978 4816532.23572544
536679.80950873 4816532.23645992
536679.80950873 4816532.23645992
536679.81051773 4816532.05136285
536679.81051773 4816532.05136285
536679.94525668 4816532.05209733
536679.94525668 4816532.05209733
536679.94626568 4816531.86700025
536679.94626568 4816531.86700025
536679.94626568 4816531.86700025
536679.94626568 4816531.86700025
536680.08100464 4816531.86773474
536680.08100464 4816531.86773474
536680.21473460 4816532.05356631
536680.07999564 4816532.05283182
536680.07999564 4816532.05283182
536680.07999564 4816532.05283182
536679.94525668 4816532.05209733
536679.94525668 4816532.05209733
536679.94525668 4816532.05209733
536679.94525668 4816532.05209733
536679.94424769 4816532.23719441
536679.94525668 4816532.05209733
536679.94525668 4816532.05209733
536679.94525668 4816532.05209733
536679.94525668 4816532.05209733
536679.94525668 4816532.05209733
536679.81051773 4816532.05136285
536679.81051773 4816532.05136285
536679.81051773 4816532.05136285
536679.67577877 4816532.05062837
536679.81051773 4816532.05136285
536679.81051773 4816532.05136285
536679.81051773 4816532.05136285
536679.81051773 4816532.05136285
536679.81051773 4816532.05136285
536679.81051773 4816532.05136285
536679.81152672 4816531.86626577
536679.81152672 4816531.86626577
536679.81152672 4816531.86626577
536679.81152672 4816531.86626577
536679.81051773 4816532.05136285
536679.81051773 4816532.05136285
536679.81051773 4816532.05136285
536679.81051773 4816532.05136285
536679.94525668 4816532.05209733
536679.94525668 4816532.05209733
536679.81051773 4816532.05136285
536679.94525668 4816532.05209733
536679.94525668 4816532.05209733
536679.94525668 4816532.05209733
536679.94525668 4816532.05209733
536679.94525668 4816532.05209733
536679.94626568 4816531.86700025
536679.94525668 4816532.05209733
536679.81051773 4816532.05136285
536679.94424769 4816532.23719441
536679.94424769 4816532.23719441
536679.94424769 4816532.23719441
536679.94424769 4816532.23719441
536679.94424769 4816532.23719441
536679.94424769 4816532.23719441
536679.94424769 4816532.23719441
536679.94424769 4816532.23719441
536680.07797764 4816532.42302598
536679.67577877 4816532.05062837
536679.40630085 4816532.04915941
536679.40730983 4816531.86406233
536679.40630085 4816532.04915941
536679.54103981 4816532.04989389
536679.67577877 4816532.05062837
536679.80950873 4816532.23645992
536679.80950873 4816532.23645992
536679.80849974 4816532.42155700
536679.67476978 4816532.23572544
536679.67476978 4816532.23572544
536679.80950873 4816532.23645992
536679.81051773 4816532.05136285
536679.94525668 4816532.05209733
536679.54204879 4816531.86479681
536679.67678776 4816531.86553129
536679.67678776 4816531.86553129
536679.67678776 4816531.86553129
536680.21271659 4816532.42376046
536679.94525668 4816532.05209733
536679.81051773 4816532.05136285
536679.67577877 4816532.05062837
536679.67577877 4816532.05062837
536679.80950873 4816532.23645992
536679.94323869 4816532.42229149
536679.67577877 4816532.05062837
536679.67577877 4816532.05062837
536679.67678776 4816531.86553129
536679.67577877 4816532.05062837
536679.67678776 4816531.86553129
536679.67678776 4816531.86553129
536679.94525668 4816532.05209733
536679.94424769 4816532.23719441
536680.07898664 4816532.23792890
536680.07898664 4816532.23792890
536680.07898664 4816532.23792890
536680.07797764 4816532.42302598
536680.21271659 4816532.42376046
536680.21271659 4816532.42376046
536679.94525668 4816532.05209733
536679.94525668 4816532.05209733
536679.94525668 4816532.05209733
536679.94525668 4816532.05209733
536679.94424769 4816532.23719441
536679.94424769 4816532.23719441
536679.94525668 4816532.05209733
536679.94424769 4816532.23719441
536679.94424769 4816532.23719441
536680.07898664 4816532.23792890
536680.07999564 4816532.05283182
536680.07999564 4816532.05283182
536680.07999564 4816532.05283182
536680.07999564 4816532.05283182
536680.07999564 4816532.05283182
536680.07999564 4816532.05283182
536680.07898664 4816532.23792890
536680.07999564 4816532.05283182
536680.07999564 4816532.05283182
536680.07898664 4816532.23792890
536679.94424769 4816532.23719441
536679.94424769 4816532.23719441
536679.94424769 4816532.23719441
536679.80950873 4816532.23645992
536679.80849974 4816532.42155700
536679.80849974 4816532.42155700
536679.80849974 4816532.42155700
536679.80849974 4816532.42155700
536679.80950873 4816532.23645992
536679.67476978 4816532.23572544
536679.67476978 4816532.23572544
536679.67476978 4816532.23572544
536679.67476978 4816532.23572544
536679.81051773 4816532.05136285
536679.67577877 4816532.05062837
536679.67678776 4816531.86553129
536679.81051773 4816532.05136285
536679.81051773 4816532.05136285
536679.81051773 4816532.05136285
536679.67577877 4816532.05062837
536679.67577877 4816532.05062837
536679.67577877 4816532.05062837
536679.54103981 4816532.04989389
536679.54103981 4816532.04989389
536679.67577877 4816532.05062837
536679.67678776 4816531.86553129
536679.67678776 4816531.86553129
536679.67678776 4816531.86553129
536679.67678776 4816531.86553129
536679.67678776 4816531.86553129
536679.81152672 4816531.86626577
536679.81152672 4816531.86626577
536679.81152672 4816531.86626577
536679.94626568 4816531.86700025
536679.94626568 4816531.86700025
536679.94626568 4816531.86700025
536680.08100464 4816531.86773474
536679.94626568 4816531.86700025
536679.94626568 4816531.86700025
536679.94626568 4816531.86700025
536679.81051773 4816532.05136285
536679.94525668 4816532.05209733
536679.94525668 4816532.05209733
536679.94525668 4816532.05209733
536679.94424769 4816532.23719441
536679.80950873 4816532.23645992
536679.94424769 4816532.23719441
536679.94424769 4816532.23719441
536679.94525668 4816532.05209733
536680.07999564 4816532.05283182
536680.07999564 4816532.05283182
536680.07999564 4816532.05283182
536680.07999564 4816532.05283182
536680.07999564 4816532.05283182
536680.07999564 4816532.05283182
536680.07999564 4816532.05283182
536680.07999564 4816532.05283182
536679.94525668 4816532.05209733
536679.94424769 4816532.23719441
536679.94424769 4816532.23719441
536679.94424769 4816532.23719441
536679.94525668 4816532.05209733
536679.80950873 4816532.23645992
536679.80950873 4816532.23645992
536679.94424769 4816532.23719441
536679.94424769 4816532.23719441
536679.94424769 4816532.23719441
536679.94424769 4816532.23719441
536679.94525668 4816532.05209733
536679.94525668 4816532.05209733
536679.94424769 4816532.23719441
536679.94424769 4816532.23719441
536679.94424769 4816532.23719441
536680.07898664 4816532.23792890
536680.07898664 4816532.23792890
536680.07898664 4816532.23792890
536680.07898664 4816532.23792890
536680.07898664 4816532.23792890
536680.07898664 4816532.23792890
536679.94424769 4816532.23719441
536679.94424769 4816532.23719441
536679.80950873 4816532.23645992
536679.80950873 4816532.23645992
536679.80950873 4816532.23645992
536679.80849974 4816532.42155700
536679.80950873 4816532.23645992
536679.80950873 4816532.23645992
536679.80950873 4816532.23645992
536679.80950873 4816532.23645992
536679.80950873 4816532.23645992
536679.94424769 4816532.23719441
536679.80950873 4816532.23645992
536679.80950873 4816532.23645992
536679.94424769 4816532.23719441
536679.94424769 4816532.23719441
536679.94424769 4816532.23719441
536679.94424769 4816532.23719441
536679.94424769 4816532.23719441
536680.07898664 4816532.23792890
536680.07898664 4816532.23792890
536680.07898664 4816532.23792890
536680.07898664 4816532.23792890
536679.94424769 4816532.23719441
536679.94525668 4816532.05209733
536680.07999564 4816532.05283182
536680.07999564 4816532.05283182
536680.07999564 4816532.05283182
536680.07999564 4816532.05283182
536680.07898664 4816532.23792890
536680.07898664 4816532.23792890
536680.07898664 4816532.23792890
536679.94424769 4816532.23719441
536679.94525668 4816532.05209733
536679.94424769 4816532.23719441
536679.81051773 4816532.05136285
536679.81051773 4816532.05136285
536679.67577877 4816532.05062837
536679.54103981 4816532.04989389
536679.54103981 4816532.04989389
536679.67577877 4816532.05062837
536679.67577877 4816532.05062837
536679.80950873 4816532.23645992
536679.80950873 4816532.23645992
536679.80950873 4816532.23645992
536679.80950873 4816532.23645992
536679.94424769 4816532.23719441
536679.94424769 4816532.23719441
536680.07898664 4816532.23792890
536680.07898664 4816532.23792890
536680.07898664 4816532.23792890
536679.94424769 4816532.23719441
536679.94424769 4816532.23719441
536679.94525668 4816532.05209733
536679.94525668 4816532.05209733
536679.94525668 4816532.05209733
536679.80950873 4816532.23645992
536679.94424769 4816532.23719441
536679.81051773 4816532.05136285
536679.81051773 4816532.05136285
536679.81051773 4816532.05136285
536679.81051773 4816532.05136285
536679.80950873 4816532.23645992
536679.80950873 4816532.23645992
536679.80950873 4816532.23645992
536679.80950873 4816532.23645992
536679.80950873 4816532.23645992
536679.80950873 4816532.23645992
536679.80950873 4816532.23645992
536679.80950873 4816532.23645992
536679.80950873 4816532.23645992
536679.81051773 4816532.05136285
536679.81051773 4816532.05136285
536679.81051773 4816532.05136285
536679.81051773 4816532.05136285
536679.94525668 4816532.05209733
536680.07999564 4816532.05283182
536680.07999564 4816532.05283182
536680.07999564 4816532.05283182
536680.08100464 4816531.86773474
536680.08100464 4816531.86773474
536680.07999564 4816532.05283182
536680.07999564 4816532.05283182
536680.07999564 4816532.05283182
536680.07898664 4816532.23792890
536680.21372560 4816532.23866338
536680.07898664 4816532.23792890
536680.07999564 4816532.05283182
536680.07999564 4816532.05283182
536680.07898664 4816532.23792890
536680.07898664 4816532.23792890
536680.07898664 4816532.23792890
536680.07898664 4816532.23792890
536680.07898664 4816532.23792890
536680.07797764 4816532.42302598
536680.07797764 4816532.42302598
536680.07797764 4816532.42302598
536679.94323869 4816532.42229149
536679.80849974 4816532.42155700
536679.80849974 4816532.42155700
536679.80749075 4816532.60665408
536679.80849974 4816532.42155700
536679.80849974 4816532.42155700
536679.80849974 4816532.42155700
536679.80849974 4816532.42155700
536679.80849974 4816532.42155700
536679.80950873 4816532.23645992
536679.80950873 4816532.23645992
536679.80950873 4816532.23645992
536679.94424769 4816532.23719441
536679.94424769 4816532.23719441
536680.07898664 4816532.23792890
536680.21372560 4816532.23866338
536680.21372560 4816532.23866338
536680.21372560 4816532.23866338
536680.21372560 4816532.23866338
536680.21372560 4816532.23866338
536680.21372560 4816532.23866338
536680.07898664 4816532.23792890
536680.07898664 4816532.23792890
536680.07898664 4816532.23792890
536680.07898664 4816532.23792890
536680.07898664 4816532.23792890
536680.07898664 4816532.23792890
536679.94424769 4816532.23719441
536679.94424769 4816532.23719441
536679.94424769 4816532.23719441
536679.94424769 4816532.23719441
536679.94424769 4816532.23719441
536679.94323869 4816532.42229149
536679.94424769 4816532.23719441
536679.94424769 4816532.23719441
536679.94424769 4816532.23719441
536679.94424769 4816532.23719441
536680.07898664 4816532.23792890
536680.07898664 4816532.23792890
536680.07898664 4816532.23792890
536680.07797764 4816532.42302598
536680.07797764 4816532.42302598
536680.07797764 4816532.42302598
536680.07797764 4816532.42302598
536679.94323869 4816532.42229149
536679.94323869 4816532.42229149
536679.94323869 4816532.42229149
536679.94222969 4816532.60738857
536679.94222969 4816532.60738857
536679.94222969 4816532.60738857
536679.94222969 4816532.60738857
536679.80849974 4816532.42155700
536679.80849974 4816532.42155700
536679.67376079 4816532.42082252
536679.67376079 4816532.42082252
536679.53902184 4816532.42008804
536679.53902184 4816532.42008804
536679.67376079 4816532.42082252
536679.67376079 4816532.42082252
536679.80849974 4816532.42155700
536679.80849974 4816532.42155700
536679.94323869 4816532.42229149
536680.07797764 4816532.42302598
536680.21271659 4816532.42376046
536680.21271659 4816532.42376046
536680.21271659 4816532.42376046
536680.34745555 4816532.42449496
536680.48219450 4816532.42522945
536680.48219450 4816532.42522945
536680.48219450 4816532.42522945
536680.34745555 4816532.42449496
536680.34644654 4816532.60959204
536680.34745555 4816532.42449496
536680.34745555 4816532.42449496
536680.21271659 4816532.42376046
536680.21271659 4816532.42376046
536680.21372560 4816532.23866338
536680.21372560 4816532.23866338
536680.07898664 4816532.23792890
536680.07898664 4816532.23792890
536679.94525668 4816532.05209733
536679.94525668 4816532.05209733
536680.07696864 4816532.60812305
536680.07696864 4816532.60812305
536680.07595964 4816532.79322014
536680.20968958 4816532.97905170
536680.07495064 4816532.97831721
536680.20968958 4816532.97905170
536680.20968958 4816532.97905170
536680.21069859 4816532.79395462
536680.21069859 4816532.79395462
536680.20968958 4816532.97905170
536680.21069859 4816532.79395462
536680.21069859 4816532.79395462
536679.94323869 4816532.42229149
536679.94323869 4816532.42229149
536679.94323869 4816532.42229149
536679.80849974 4816532.42155700
536679.80849974 4816532.42155700
536679.80950873 4816532.23645992
536679.67577877 4816532.05062837
536679.67577877 4816532.05062837
536679.67577877 4816532.05062837
536679.67577877 4816532.05062837
536679.54103981 4816532.04989389
536680.21372560 4816532.23866338
536679.80950873 4816532.23645992
536679.94424769 4816532.23719441
536680.07898664 4816532.23792890
536680.07898664 4816532.23792890
536680.07999564 4816532.05283182
536680.21473460 4816532.05356631
536680.07898664 4816532.23792890
536680.07898664 4816532.23792890
536680.07898664 4816532.23792890
536680.07898664 4816532.23792890
536679.94424769 4816532.23719441
536679.94424769 4816532.23719441
536679.94424769 4816532.23719441
536680.07898664 4816532.23792890
536680.07898664 4816532.23792890
536680.07898664 4816532.23792890
536680.21372560 4816532.23866338
536680.21372560 4816532.23866338
536680.21372560 4816532.23866338
536680.21372560 4816532.23866338
536680.21372560 4816532.23866338
536680.21372560 4816532.23866338
536680.34846455 4816532.23939788
536680.34846455 4816532.23939788
536680.21372560 4816532.23866338
536680.21372560 4816532.23866338
536680.07898664 4816532.23792890
536680.07898664 4816532.23792890
536680.07898664 4816532.23792890
536679.94424769 4816532.23719441
536680.07898664 4816532.23792890
536679.94424769 4816532.23719441
536679.94424769 4816532.23719441
536679.94323869 4816532.42229149
536679.94424769 4816532.23719441
536679.94424769 4816532.23719441
536679.94424769 4816532.23719441
536679.94323869 4816532.42229149
536679.94323869 4816532.42229149
536680.07797764 4816532.42302598
536680.07797764 4816532.42302598
536680.07898664 4816532.23792890
536680.07797764 4816532.42302598
536680.07797764 4816532.42302598
536680.07797764 4816532.42302598
536680.07898664 4816532.23792890
536680.07898664 4816532.23792890
536680.07898664 4816532.23792890
536680.07898664 4816532.23792890
536680.07898664 4816532.23792890
536680.07797764 4816532.42302598
536680.07797764 4816532.42302598
536680.07797764 4816532.42302598
536680.07797764 4816532.42302598
536680.07898664 4816532.23792890
536680.07898664 4816532.23792890
536680.07898664 4816532.23792890
536680.07797764 4816532.42302598
536680.07797764 4816532.42302598
536680.07696864 4816532.60812305
536680.07696864 4816532.60812305
536680.07696864 4816532.60812305
536680.21170759 4816532.60885754
536680.21271659 4816532.42376046
536680.21271659 4816532.42376046
536680.21271659 4816532.42376046
536680.21271659 4816532.42376046
536680.21271659 4816532.42376046
536680.07797764 4816532.42302598
536680.07797764 4816532.42302598
536680.07696864 4816532.60812305
536680.07696864 4816532.60812305
536680.07696864 4816532.60812305
536680.07797764 4816532.42302598
536680.07797764 4816532.42302598
536680.07797764 4816532.42302598
536680.07797764 4816532.42302598
536680.07797764 4816532.42302598
536679.94323869 4816532.42229149
536679.94323869 4816532.42229149
536680.07797764 4816532.42302598
536680.07797764 4816532.42302598
536680.07797764 4816532.42302598
536680.07797764 4816532.42302598
536680.07898664 4816532.23792890
536680.07898664 4816532.23792890
536680.07898664 4816532.23792890
536680.07898664 4816532.23792890
536680.07898664 4816532.23792890
536680.07898664 4816532.23792890
536680.07898664 4816532.23792890
536680.07898664 4816532.23792890
536680.07898664 4816532.23792890
536680.07898664 4816532.23792890
536680.21372560 4816532.23866338
536680.21372560 4816532.23866338
536680.07898664 4816532.23792890
536680.07898664 4816532.23792890
536680.07898664 4816532.23792890
536680.07898664 4816532.23792890
536680.07898664 4816532.23792890
536680.07898664 4816532.23792890
536680.07898664 4816532.23792890
536680.21372560 4816532.23866338
536680.21372560 4816532.23866338
536680.21372560 4816532.23866338
536680.21372560 4816532.23866338
536680.21271659 4816532.42376046
536680.21372560 4816532.23866338
536680.07898664 4816532.23792890
536680.07797764 4816532.42302598
536679.94323869 4816532.42229149
536679.94323869 4816532.42229149
536679.94424769 4816532.23719441
536680.07898664 4816532.23792890
536680.07898664 4816532.23792890
536680.07898664 4816532.23792890
536680.07898664 4816532.23792890
536680.07797764 4816532.42302598
536680.07797764 4816532.42302598
536680.21271659 4816532.42376046
536680.21372560 4816532.23866338
536680.21271659 4816532.42376046
536680.07898664 4816532.23792890
536680.07898664 4816532.23792890
536680.07797764 4816532.42302598
536680.07797764 4816532.42302598
536680.07797764 4816532.42302598
536680.07797764 4816532.42302598
536680.07797764 4816532.42302598
536680.07797764 4816532.42302598
536680.07797764 4816532.42302598
536680.07797764 4816532.42302598
536680.07797764 4816532.42302598
536680.07696864 4816532.60812305
