536672.46107774 4816528.19819087
536672.46107774 4816528.19819087
536672.46107774 4816528.19819087
536672.46107774 4816528.19819087
536672.44760384 4816528.19811743
536672.44760384 4816528.19811743
536672.44760384 4816528.19811743
536672.44760384 4816528.19811743
536672.44760384 4816528.19811743
536672.44760384 4816528.19811743
536672.44760384 4816528.19811743
536672.44760384 4816528.19811743
536672.43402905 4816528.21655370
536672.43402905 4816528.21655370
536672.43402905 4816528.21655370
536672.43402905 4816528.21655370
536672.43402905 4816528.21655370
536672.43402905 4816528.21655370
536672.43392817 4816528.23506341
536672.43392817 4816528.23506341
536672.44730120 4816528.25364655
536672.44730120 4816528.25364655
536672.46067422 4816528.27222970
536672.46067422 4816528.27222970
536672.46057334 4816528.29073940
536672.46057334 4816528.29073940
536672.46047247 4816528.30924911
536672.46047247 4816528.30924911
536672.47394637 4816528.30932255
536672.47394637 4816528.30932255
536672.47384549 4816528.32783225
536672.47384549 4816528.32783225
536672.47374461 4816528.34634196
536672.47374461 4816528.34634196
536672.48721851 4816528.34641539
536672.48721851 4816528.34641539
536672.48711763 4816528.36492510
536672.48711763 4816528.36492510
536672.50059154 4816528.36499854
536672.50059154 4816528.36499854
536672.50049066 4816528.38350824
536672.50049066 4816528.38350824
536672.51386368 4816528.40209138
536672.51386368 4816528.40209138
536672.51386368 4816528.40209138
536672.51386368 4816528.40209138
536672.50038978 4816528.40201795
536672.50038978 4816528.40201795
536672.50038978 4816528.40201795
536672.50038978 4816528.40201795
536679.51999852 4816533.43804853
536679.51999852 4816533.43804853
536679.31819282 4816533.38141770
536679.31819282 4816533.38141770
536679.11638712 4816533.32478687
536679.11638712 4816533.32478687
536679.03604824 4816533.23179765
536679.03604824 4816533.23179765
536679.02257435 4816533.23172420
536679.02257435 4816533.23172420
536678.94203368 4816533.17575440
536678.94203368 4816533.17575440
536678.96908236 4816533.15739158
536678.96908236 4816533.15739158
536678.80729474 4816533.17501993
536678.80729474 4816533.17501993
536678.80729474 4816533.17501993
536678.80729474 4816533.17501993
536678.80719385 4816533.19352964
536678.80719385 4816533.19352964
536678.80709295 4816533.21203935
536678.80709295 4816533.21203935
536678.80699205 4816533.23054906
536678.80699205 4816533.23054906
536678.80699205 4816533.23054906
536678.80699205 4816533.23054906
536678.82036505 4816533.24913221
536678.82036505 4816533.24913221
536678.82026415 4816533.26764192
536678.82026415 4816533.26764192
536678.83363715 4816533.28622507
536678.83363715 4816533.28622507
536678.83353625 4816533.30473478
536678.83353625 4816533.30473478
536678.84701015 4816533.30480823
536678.84701015 4816533.30480823
536678.84690925 4816533.32331793
536678.84690925 4816533.32331793
536678.86028225 4816533.34190109
536678.86028225 4816533.34190109
536678.87375614 4816533.34197454
536678.87375614 4816533.34197454
536678.88712914 4816533.36055769
536678.88712914 4816533.36055769
536678.88702824 4816533.37906740
536678.88702824 4816533.37906740
536678.90050213 4816533.37914084
536678.90050213 4816533.37914084
536678.91397603 4816533.37921429
536678.91397603 4816533.37921429
536690.99980504 4816540.90473941
536690.99980504 4816540.90473941
536691.17577290 4816540.75761687
536691.17577290 4816540.75761687
536691.32449023 4816540.66587651
536691.32449023 4816540.66587651
536691.29804712 4816540.57318103
536691.29804712 4816540.57318103
536691.14953166 4816540.62790197
536691.14953166 4816540.62790197
536691.09543429 4816540.66462750
536691.09543429 4816540.66462750
536691.09543429 4816540.66462750
536691.09543429 4816540.66462750
536691.08206134 4816540.64604432
536691.08206134 4816540.64604432
536691.08196041 4816540.66455403
536691.08196041 4816540.66455403
536691.08196041 4816540.66455403
536691.08196041 4816540.66455403
536691.06848653 4816540.66448056
536691.06848653 4816540.66448056
536691.06838560 4816540.68299027
536691.06838560 4816540.68299027
536691.08175855 4816540.70157345
536691.08175855 4816540.70157345
536691.08175855 4816540.70157345
536691.08175855 4816540.70157345
536691.09513150 4816540.72015663
536691.09513150 4816540.72015663
536691.09513150 4816540.72015663
536691.09513150 4816540.72015663
536691.09503056 4816540.73866634
536691.09503056 4816540.73866634
536691.10850444 4816540.73873981
536691.10850444 4816540.73873981
536691.10840351 4816540.75724952
536691.10840351 4816540.75724952
536691.12177646 4816540.77583269
536691.12177646 4816540.77583269
536691.13525034 4816540.77590616
536691.13525034 4816540.77590616
536691.14862329 4816540.79448934
536691.14862329 4816540.79448934
536691.14862329 4816540.79448934
536691.14862329 4816540.79448934
536691.16199623 4816540.81307252
536691.16199623 4816540.81307252
536691.17547011 4816540.81314600
536691.17547011 4816540.81314600
536686.42227564 4816552.57826389
536686.42227564 4816552.57826389
536686.42227564 4816552.57826389
536686.42227564 4816552.57826389
536686.42227564 4816552.57826389
536686.42227564 4816552.57826389
536686.42227564 4816552.57826389
536686.42227564 4816552.57826389
536686.42227564 4816552.57826389
536686.43574950 4816552.57833736
536686.43574950 4816552.57833736
536686.43574950 4816552.57833736
536686.43574950 4816552.57833736
536686.43574950 4816552.57833736
536686.43574950 4816552.57833736
536686.43574950 4816552.57833736
536686.43574950 4816552.57833736
536686.43574950 4816552.57833736
536686.43574950 4816552.57833736
536686.43574950 4816552.57833736
536686.43574950 4816552.57833736
536686.43574950 4816552.57833736
536686.43564858 4816552.59684707
536686.43564858 4816552.59684707
536686.43564858 4816552.59684707
536686.43564858 4816552.59684707
536686.43564858 4816552.59684707
536686.43564858 4816552.59684707
536686.43564858 4816552.59684707
536686.43554766 4816552.61535677
536686.43554766 4816552.61535677
536686.43554766 4816552.61535677
536686.43554766 4816552.61535677
536686.43554766 4816552.61535677
536686.43554766 4816552.61535677
536686.43554766 4816552.61535677
536686.43554766 4816552.61535677
536686.43554766 4816552.61535677
536686.43554766 4816552.61535677
536686.43554766 4816552.61535677
536686.43554766 4816552.61535677
536686.43554766 4816552.61535677
536686.44902152 4816552.61543023
536686.44902152 4816552.61543023
536686.44902152 4816552.61543023
536686.44902152 4816552.61543023
536686.44902152 4816552.61543023
536686.44902152 4816552.61543023
536686.44912243 4816552.59692053
536686.44912243 4816552.59692053
536674.62365124 4816544.27688120
536674.46156125 4816544.35003878
536674.46156125 4816544.35003878
536674.34009464 4816544.38639726
536674.34009464 4816544.38639726
536674.34009464 4816544.38639726
536674.34009464 4816544.38639726
536674.34009464 4816544.38639726
536674.34009464 4816544.38639726
536674.34009464 4816544.38639726
536674.34009464 4816544.38639726
536674.34009464 4816544.38639726
536674.34009464 4816544.38639726
536674.34019552 4816544.36788755
536674.34019552 4816544.36788755
536674.32672165 4816544.36781412
536674.32672165 4816544.36781412
536674.32672165 4816544.36781412
536674.32672165 4816544.36781412
536674.31324778 4816544.36774068
536674.31324778 4816544.36774068
536674.31324778 4816544.36774068
536674.31324778 4816544.36774068
536674.31334866 4816544.34923097
536674.31334866 4816544.34923097
536674.29987479 4816544.34915753
536674.29987479 4816544.34915753
536674.29987479 4816544.34915753
536674.29987479 4816544.34915753
536674.29987479 4816544.34915753
536674.29987479 4816544.34915753
536674.29987479 4816544.34915753
536674.29987479 4816544.34915753
536674.29977391 4816544.36766724
536674.29977391 4816544.36766724
536674.29977391 4816544.36766724
536674.29977391 4816544.36766724
536674.29967302 4816544.38617695
536674.29967302 4816544.38617695
536674.31304601 4816544.40476010
536674.31304601 4816544.40476010
536674.31294513 4816544.42326980
536674.31294513 4816544.42326980
536674.31284424 4816544.44177951
536674.31284424 4816544.44177951
536674.32621723 4816544.46036266
536674.32621723 4816544.46036266
536674.32611634 4816544.47887237
536674.32611634 4816544.47887237
536674.33948933 4816544.49745551
536667.25691507 4816541.12701024
536667.25691507 4816541.12701024
536667.26998549 4816541.20112249
536667.26998549 4816541.20112249
536667.01499046 4816541.01463037
536667.01499046 4816541.01463037
536666.74642068 4816540.84657455
536666.74642068 4816540.84657455
536666.63943656 4816540.69790951
536666.63943656 4816540.69790951
536666.65250699 4816540.77202176
536666.65250699 4816540.77202176
536666.59881320 4816540.73470866
536666.59881320 4816540.73470866
536666.61228708 4816540.73478208
536666.61228708 4816540.73478208
536666.61228708 4816540.73478208
536666.61228708 4816540.73478208
536666.61228708 4816540.73478208
536666.61228708 4816540.73478208
536666.61228708 4816540.73478208
536666.61228708 4816540.73478208
536666.59891406 4816540.71619895
536666.59891406 4816540.71619895
536666.59891406 4816540.71619895
536666.59891406 4816540.71619895
536666.61238794 4816540.71627237
536666.61238794 4816540.71627237
536666.61238794 4816540.71627237
536666.61248881 4816540.69776267
536666.62596268 4816540.69783609
536666.62596268 4816540.69783609
536666.62596268 4816540.69783609
536666.61258967 4816540.67925296
536666.61258967 4816540.67925296
536666.61258967 4816540.67925296
536666.61269053 4816540.66074325
536666.61269053 4816540.66074325
536666.62616441 4816540.66081667
536666.62616441 4816540.66081667
536666.62616441 4816540.66081667
536666.62616441 4816540.66081667
536666.62616441 4816540.66081667
536666.62616441 4816540.66081667
536666.62606355 4816540.67932638
536666.62606355 4816540.67932638
536666.62606355 4816540.67932638
536666.62606355 4816540.67932638
536666.62596268 4816540.69783609
536666.62596268 4816540.69783609
