492818.43534139 5527517.14185867
492818.44350776 5527517.11682410
492818.44157123 5527517.14328990
492818.44522801 5527517.12518034
492818.43502351 5527517.13414148
492818.46474026 5527517.14566207
492818.43029455 5527517.12835521
492818.45022705 5527517.14503666
492818.44447115 5527517.13905153
492818.44503133 5527517.14025992
492818.43593503 5527517.14201834
492818.44649397 5527517.13834725
492818.43009203 5527517.12921539
492818.43132115 5527517.15130561
492818.43094488 5527517.12614550
492818.43670607 5527517.16010776
492818.42820521 5527517.14641902
492818.43429468 5527517.13534316
492818.44744663 5527517.12162873
492818.43439958 5527517.13788883
492818.43742007 5527517.13437867
492818.43802173 5527517.11026077
492818.42345048 5527517.12332943
492818.43346762 5527517.13714619
492818.44226721 5527517.13689261
492818.43641874 5527517.12894743
492818.44697454 5527517.14788791
492818.45671829 5527517.13695112
492818.43320634 5527517.12559029
492818.43254344 5527517.13183920
492818.43032094 5527517.12633108
492818.42564870 5527517.12284757
492818.44756627 5527517.14216560
492818.42967904 5527517.13299202
492818.45810016 5527517.13638819
492818.44126280 5527517.13365875
492818.43485848 5527517.13717716
492818.45028913 5527517.14420154
492818.43374209 5527517.12979858
492818.40678904 5527517.14065949
492818.44216251 5527517.13424054
492818.44190320 5527517.14539234
492818.43586819 5527517.14143954
492818.45202956 5527517.13407367
492818.44548955 5527517.13394322
492818.44028673 5527517.12753362
492818.45442426 5527517.12533163
492818.44479914 5527517.12975225
492818.44108864 5527517.12789593
492818.43811903 5527517.13275629
492818.44298075 5527522.08277689
492818.46235965 5527522.10895872
492818.45220512 5527522.11081784
492818.43595574 5527522.10965293
492818.43853221 5527522.09377791
492818.44601337 5527522.09313646
492818.44846627 5527522.08841433
492818.45222812 5527522.10284944
492818.44225691 5527522.10868314
492818.44906964 5527522.10051146
492818.45049893 5527522.11072579
492818.46010250 5527522.09782231
492818.45034199 5527522.09355390
492818.46143273 5527522.11018035
492818.45838300 5527522.08899675
492818.46992207 5527522.12277018
492818.45735058 5527522.08692813
492818.44748899 5527522.09652207
492818.44720427 5527522.09468996
492818.44497466 5527522.10728621
492818.45103060 5527522.10962770
492818.43332643 5527522.10188147
492818.44312645 5527522.09372317
492818.45419074 5527522.10441340
492818.44309102 5527522.09452155
492818.42959081 5527522.10196083
492818.45995912 5527522.09749137
492818.43529191 5527522.09466627
492818.44485995 5527522.11015437
492818.44358947 5527522.10522578
492818.46505661 5527522.09671804
492818.44633150 5527522.09178401
492818.44955475 5527522.08137688
492818.44936769 5527522.09827062
492818.42969141 5527522.10640776
492818.44294238 5527522.08279788
492818.45399783 5527522.10279775
492818.45227005 5527522.09836801
492818.47263508 5527522.10300774
492818.44922944 5527522.09733871
492818.45401228 5527522.08413355
492818.43720606 5527522.08655515
492818.43627445 5527522.10759067
492818.46333633 5527522.10788656
492818.45515583 5527522.08571691
492818.45868554 5527522.11014319
492818.44728224 5527522.10473743
492818.45361100 5527522.10498203
492818.43973025 5527522.09925470
492818.45004290 5527522.11417982
492813.49221269 5527522.09418338
492813.47987759 5527522.08401631
492813.48435644 5527522.09535579
492813.48170069 5527522.09421166
492813.48771743 5527522.09168808
492813.48252057 5527522.08519157
492813.46497619 5527522.09490040
492813.49629393 5527522.09806605
492813.48627728 5527522.09358699
492813.49298513 5527522.09165361
492813.47431111 5527522.07838840
492813.48115039 5527522.06956310
492813.50037814 5527522.08649117
492813.47749419 5527522.07111640
492813.48189492 5527522.09187180
492813.48568720 5527522.09859017
492813.49762422 5527522.08906908
492813.49979302 5527522.10023841
492813.48754483 5527522.09563345
492813.48865155 5527522.09252431
492813.49085389 5527522.09049309
492813.47522806 5527522.08698540
492813.47203647 5527522.08003923
492813.48928034 5527522.08763021
492813.48372372 5527522.07824245
492813.46072731 5527522.09723705
492813.49080336 5527522.08645984
492813.50074097 5527522.08213586
492813.47928259 5527522.09097908
492813.47806945 5527522.08130866
492813.49102598 5527522.08031469
492813.48191614 5527522.10363279
492813.48039133 5527522.08581379
492813.49457840 5527522.08587600
492813.48483450 5527522.06747503
492813.47064913 5527522.09405849
492813.47310458 5527522.08844689
492813.48140381 5527522.07602557
492813.49170130 5527522.07592533
492813.48228440 5527522.08936859
492813.47786636 5527522.10015818
492813.48466533 5527522.08505432
492813.48025243 5527522.08477913
492813.47211541 5527522.09266346
492813.49059011 5527522.09070670
492813.49830888 5527522.10195458
492813.47323013 5527522.09348990
492813.48400961 5527522.08114270
492813.47727065 5527522.09465919
492813.48415380 5527522.07821247
492813.41347449 5527517.14202331
492813.41343790 5527517.16738395
492813.41286306 5527517.17045119
492813.41304546 5527517.16523392
492813.40894777 5527517.15889677
492813.41526167 5527517.14553937
492813.39673752 5527517.16324663
492813.41554524 5527517.15949658
492813.42221573 5527517.15206433
492813.41675350 5527517.15607174
492813.39897473 5527517.15697118
492813.39449570 5527517.16037535
492813.41862640 5527517.14884290
492813.40746580 5527517.17546580
492813.41746819 5527517.14690581
492813.40983343 5527517.15786700
492813.42927080 5527517.15642355
492813.42780462 5527517.15319539
492813.39785640 5527517.13548763
492813.41967754 5527517.15803351
492813.41471605 5527517.14531685
492813.41562387 5527517.16949061
492813.41108655 5527517.15338388
492813.43333870 5527517.15875865
492813.41460654 5527517.14415577
492813.41742988 5527517.16015922
492813.40941992 5527517.16665073
492813.41994188 5527517.15641647
492813.42323592 5527517.15278716
492813.39733318 5527517.16154076
492813.41642385 5527517.14664360
492813.42985231 5527517.16389840
492813.40854768 5527517.16302416
492813.39427557 5527517.15464663
492813.40910535 5527517.14483412
492813.40395677 5527517.16296108
492813.40443409 5527517.17969700
492813.41940801 5527517.17152980
492813.40427160 5527517.16860688
492813.43351304 5527517.15254760
492813.41537587 5527517.15547858
492813.40624521 5527517.14654991
492813.40792269 5527517.16039901
492813.40832804 5527517.16053171
492813.38812542 5527517.14854600
492813.40157560 5527517.15805243
492813.40053083 5527517.15793467
492813.39702769 5527517.15243219
492813.40109717 5527517.17218665
492813.41056614 5527517.15841135
492813.41441398 5527512.05990015
492813.42765631 5527512.04932371
492813.42167307 5527512.05353728
492813.41580719 5527512.06511408
492813.42105397 5527512.05040020
492813.42808126 5527512.07338343
492813.42314143 5527512.04496951
492813.42617079 5527512.07477320
492813.41645085 5527512.05942868
492813.41628723 5527512.06430706
492813.40911048 5527512.03680021
492813.42520893 5527512.06102870
492813.42458980 5527512.06075600
492813.41586147 5527512.04998517
492813.42646239 5527512.05453212
492813.41554339 5527512.04608931
492813.41966586 5527512.06620914
492813.42846448 5527512.04995276
492813.42012318 5527512.04508610
492813.39338143 5527512.05778762
492813.41937290 5527512.07175179
492813.40751677 5527512.07273658
492813.40715216 5527512.06469346
492813.40214320 5527512.06718957
492813.41513081 5527512.05267394
492813.39729449 5527512.06328523
492813.42953976 5527512.05598387
492813.40706420 5527512.03757395
492813.41539454 5527512.04763809
492813.43091687 5527512.06999548
492813.41344064 5527512.06497522
492813.41112854 5527512.05301374
492813.41799401 5527512.06385123
492813.43362173 5527512.05237127
492813.41616388 5527512.06038385
492813.42577314 5527512.05019725
492813.42587306 5527512.05102324
492813.41550991 5527512.05413360
492813.41937758 5527512.05300550
492813.42733545 5527512.06078047
492813.40474330 5527512.05275136
492813.42826762 5527512.05691755
492813.42009540 5527512.04565199
492813.42965823 5527512.05105719
492813.42026427 5527512.07199162
492813.41300060 5527512.03672542
492813.42796509 5527512.06165379
492813.42464734 5527512.06498417
492813.42198863 5527512.07241795
492813.40377257 5527512.06156399
492818.31942505 5527511.99552801
492818.32235479 5527512.02092877
492818.32915804 5527511.99052767
492818.33740050 5527512.01278671
492818.34558386 5527512.00409277
492818.31722480 5527512.00527403
492818.33501086 5527511.99556716
492818.32452893 5527512.00540033
492818.31680467 5527511.99966029
492818.33193890 5527512.00587555
492818.32358353 5527511.99534776
492818.32582646 5527511.99177007
492818.32006483 5527511.99956080
492818.33420793 5527511.99398724
492818.29857455 5527512.00652607
492818.32819950 5527512.00482036
492818.32335038 5527511.99999292
492818.32379222 5527512.01940255
492818.32402513 5527512.00013663
492818.34686662 5527511.99144263
492818.32397667 5527512.00624267
492818.31554579 5527512.00196700
492818.31248791 5527511.99704677
492818.31666092 5527512.00696755
492818.33100222 5527512.00878603
492818.33778452 5527511.99562646
492818.32398671 5527511.99537118
492818.33402699 5527511.99783374
492818.31222738 5527511.99663426
492818.31139313 5527512.01532903
492818.32686265 5527511.99807801
492818.33644435 5527512.00602376
492818.31606301 5527512.00510530
492818.30366988 5527511.98730622
492818.33883765 5527512.01455131
492818.32429235 5527512.00969776
492818.32010759 5527512.01422495
492818.33008174 5527512.00813046
492818.34097522 5527511.98183133
492818.32808368 5527512.00755681
492818.33502217 5527512.00237965
492818.33518071 5527511.99200379
492818.31030687 5527512.01539985
492818.32657534 5527512.00036220
492818.33453066 5527511.99931506
492818.32993614 5527512.00298957
492818.33167504 5527512.00083766
492818.32780675 5527512.00818355
492818.34429707 5527511.99798109
492818.31825986 5527512.00559740
