43.40731203 -80.48132671
43.40732592 -80.48140429
43.40731077 -80.48147373
43.40729413 -80.48152036
43.40727173 -80.48159514
43.40725159 -80.48165378
43.40723471 -80.48171624
43.40719568 -80.48174810
43.40721262 -80.48184528
43.40720146 -80.48192814
43.40717940 -80.48213681
43.40712721 -80.48228012
43.40715195 -80.48236926
43.40715632 -80.48241570
43.40715943 -80.48247973
43.40725427 -80.48254059
43.40731682 -80.48255738
43.40736918 -80.48259370
43.40741367 -80.48261899
43.40747332 -80.48264412
43.40752459 -80.48264877
43.40760410 -80.48265576
43.40765227 -80.48264569
43.40768747 -80.48265860
43.40772979 -80.48268522
43.40779213 -80.48270542
43.40782979 -80.48270798
43.40787952 -80.48274024
43.40792505 -80.48279830
43.40797780 -80.48288695
43.40801879 -80.48295009
43.40804891 -80.48301483
43.40807839 -80.48310148
43.40808622 -80.48318425
43.40808817 -80.48326258
43.40809021 -80.48334190
43.40809291 -80.48342871
43.40809394 -80.48354008
43.40809272 -80.48363026
43.40809258 -80.48370948
43.40809074 -80.48378529
43.40808821 -80.48386077
43.40808356 -80.48394763
43.40808343 -80.48403593
43.40808505 -80.48412710
43.40808722 -80.48417684
43.40812303 -80.48427314
43.40813067 -80.48431938
43.40814298 -80.48441595
43.40812542 -80.48450172
43.40812982 -80.48459783
43.40812435 -80.48469767
43.40812611 -80.48478040
43.40814496 -80.48485769
43.40814900 -80.48492553
43.40813973 -80.48497951
43.40815553 -80.48503411
43.40815182 -80.48510729
43.40814436 -80.48519347
43.40815043 -80.48528717
43.40817233 -80.48538489
43.40818063 -80.48548544
43.40816102 -80.48558803
43.40817721 -80.48567173
43.40818397 -80.48577247
43.40820326 -80.48586313
43.40817578 -80.48595969
43.40818205 -80.48605004
43.40814764 -80.48614459
43.40816034 -80.48623151
43.40812468 -80.48632427
43.40811573 -80.48641647
43.40812318 -80.48651029
43.40816576 -80.48664095
43.40814956 -80.48672064
43.40817589 -80.48680708
43.40818134 -80.48689346
43.40820257 -80.48698094
43.40820006 -80.48706798
43.40824352 -80.48714884
43.40828597 -80.48716967
43.40835609 -80.48718150
43.40839962 -80.48720033
43.40846302 -80.48720643
43.40852159 -80.48721520
43.40857795 -80.48722455
43.40864371 -80.48723014
43.40870844 -80.48722716
43.40877058 -80.48721729
43.40882695 -80.48721179
43.40889314 -80.48719981
43.40895592 -80.48718383
43.40901961 -80.48717954
43.40910944 -80.48713145
43.40918658 -80.48712970
43.40920523 -80.48712325
43.40933489 -80.48712610
43.40935326 -80.48711813
43.40938692 -80.48712253
43.40939773 -80.48720909
43.40940042 -80.48729029
43.40934108 -80.48741350
43.40940102 -80.48749995
43.40493320 -80.48642269
43.39877398 -80.48492168
43.39538273 -80.48406510
43.39534671 -80.48399445
43.39531926 -80.48394267
43.40961748 -80.48764818
43.40968513 -80.48766222
43.40979805 -80.48761343
43.40980142 -80.48758970
43.40985380 -80.48766748
43.40990431 -80.48766677
43.40993516 -80.48769662
43.41002291 -80.48768764
43.41005479 -80.48771524
43.41017996 -80.48737593
43.41024491 -80.48775202
43.41033190 -80.48777997
43.41041666 -80.48779098
43.41047049 -80.48785652
43.41055668 -80.48788167
43.41064440 -80.48792857
43.41066887 -80.48799979
43.41074065 -80.48801605
43.41075934 -80.48809697
43.41079384 -80.48814715
43.41083141 -80.48820441
43.41083962 -80.48825211
43.41080768 -80.48833161
43.41078659 -80.48844975
43.41077462 -80.48855438
43.41075034 -80.48868705
43.41073423 -80.48878573
43.41072609 -80.48885766
43.41070080 -80.48894864
43.41066434 -80.48904837
43.41061419 -80.48908387
43.41059188 -80.48917096
43.41056326 -80.48919555
43.41053929 -80.48918219
43.41047547 -80.48913553
43.41040871 -80.48909088
43.41034347 -80.48904464
43.41029770 -80.48901728
43.41026875 -80.48901896
43.41022451 -80.48903043
43.41016463 -80.48902421
43.41010074 -80.48902925
43.41004340 -80.48904520
43.40998721 -80.48907206
43.40991044 -80.48907913
43.40987164 -80.48908263
43.40985382 -80.48911021
43.40982815 -80.48917274
43.40979782 -80.48923860
43.40977585 -80.48930156
43.40968786 -80.48940683
43.40969702 -80.48947088
43.40966075 -80.48953187
43.40964409 -80.48953548
43.40961793 -80.48945364
