49.90001805 8.90002885
49.90003786 8.90006003
49.90004622 8.90007223
49.90005995 8.90010707
49.90006437 8.90006660
49.90007634 8.90003928
49.90007411 8.89998634
49.90007467 8.89993863
49.90007550 8.89990344
49.90006371 8.89988258
49.90004966 8.89988509
49.90004039 8.89991636
49.90004234 8.89994352
49.90004549 8.89997290
49.90002840 8.89996774
49.90001891 8.89991884
49.90000807 8.89990030
49.89999467 8.89992762
49.89999524 8.89998276
49.89999654 8.90002831
49.90000084 8.90006935
49.90000511 8.90011271
49.89998311 8.90010985
49.89995763 8.90009249
49.89994887 8.90002909
49.89995713 8.89996132
49.89995901 8.89993119
49.89999501 8.89990768
49.89998612 8.89988522
49.89994469 8.89988156
49.89992841 8.89991866
49.89992911 8.89998918
49.89994357 8.90003662
49.89993285 8.90007699
49.89993273 8.90010648
49.89994856 8.90004424
49.89999368 8.89999791
